34017073
34011648
34006724
33992887
33973741
33964201
33936230
33935032
33934231
33921387
33919650
33912633
33911867
33907189
33906312
33897294
33881169
33880431
33879266
33858806
33849034
33844862
33839074
33836046
33806036
33802367
33792458
33791220
33785036
33784668
33776707
33775473
33770389
33768925
33763907
33761144
33748236
33746442
33746166
33719144
33719069
33718228
33716280
33712866
33709631
33704663
33691325
33674147
33666652
33665170
33664283
33663351
33652860
33641875
33641870
33641867
33641862
33641861
33621485
33617676
33614173
33607101
33599741
33598520
33593422
33588455
33586004
33570633
33564094
33563901
33558452
33556743
33550325
33543865
33537841
33528036
33525042
33524176
33513807
33496866
33494630
33491136
33489189
33483290
33480813
33474630
33472495
33468948
33468725
33460496
33447121
33445845
33444113
33441519
33440869
33428785
33426172
33414483
33389657
33386598
33384332
33381905
33373831
33361847
33360878
33342728
33332067
33325145
33303708
33296529
33293830
33283740
33280191
33275803
33271790
33269281
33267911
33260633
33249801
33243417
33239297
33237986
33235743
33227791
33224394
33215234
33210570
33206963
33202112
33197049
33191357
33190435
33187811
33186994
33178868
33162716
33158429
33157979
33149782
33147902
33144355
33140210
33136259
33135220
33123978
33119879
33117717
33114087
33104881
33092233
33089365
33078472
33076714
33067971
33067970
33065806
33051550
33050168
33037852
33035330
26389435
33024690
33022566
32986148
32985500
32981742
32976697
32974939
32971364
32967342
32967227
32965639
32962027
32946685
32945548
32929772
32923086
32919926
32912497
32909485
32909297
32886905
32886896
32875022
32868875
32868318
32862851
32850267
32842500
32829706
32829377
32819174
32812416
32809645
32806517
32804670
32801269
32799592
32798421
32798420
32790151
32788124
32781663
32781570
32774267
32774255
32762998
32745264
32740411
32732354
32731609
32720650
32717754
32708474
32707883
32706893
32700192
32685224
32682124
32674283
32650390
32647796
32646925
32645166
32640679
32637179
32636730
32629973
32618765
32602940
32598733
32597112
32595470
32593885
32591258
32577266
32572159
32571583
32568493
32567517
32565374
32557935
32557810
32546727
32546373
32542392
32537949
32536689
32532453
32528789
32517877
32514928
32502268
32491719
32487901
32479500
32477483
32472297
32467140
32463176
32461403
32460979
32441419
32430672
32429621
32425934
32425546
32403407
32399765
32398392
32395211
32382712
32382708
32373760
32352512
32351024
32329011
32328973
32326377
32323602
32319371
32316612
32308601
32300883
32292481
32290079
32280939
32280344
32266380
32256694
32246278
32245332
32242862
32219445
32211575
32203583
32194289
32191801
32187488
32187487
32187486
32179412
32167592
32164591
32158346
32150650
32144782
32127818
32124556
32124481
32122740
32108679
32107471
32098949
32098944
32096431
32095159
32093511
32091763
32086587
32072143
32050290
32042586
32008001
32005002
32000382
31994332
31991066
31980199
31978223
31945802
31942414
31941873
31934318
31927786
31917841
31906676
31904114
31902812
31898273
31888907
31887834
31885098
31882869
31875952
31871612
31868244
31864522
31863513
31856623
31848992
31834294
31833567
31808903
31808852
31807079
31805188
31801935
31778911
31778606
31778549
31775483
31774958
31770436
31765478
31764145
31748924
31728053
31725895
31723843
31723838
31721518
31718383
31710700
31704857
31698442
31697834
31697806
31697804
31697803
31689837
31681999
31678370
31677022
31676985
31676277
31669934
31668145
31666340
31648311
31639696
31632677
31630335
31628430
31626697
31618985
31613566
31610612
31609486
31600213
31597840
31588594
31587146
31584845
31584701
31584685
31578205
31571162
31571131
31565452
31563618
31554376
31516686
31515250
31502506
31501399
31496912
31496834
31496479
31479555
31478923
31471561
31465530
31455988
31455178
31450655
31449697
31449507
31444809
31444617
31442368
31441849
31428969
31426696
31421946
31395856
31388824
31382304
31363161
31351663
31350969
31344312
31340302
31340059
31332222
31321810
31317487
31308179
31297883
31296820
31289202
31281152
31272993
31268881
31261566
31258539
31250082
31248375
31240987
31228096
31227949
31217200
31208359
31196560
31188809
31183267
31175128
31173472
31171639
31170738
31168000
31167802
31148835
31148831
31142846
31134617
31127465
31126326
31123683
31107982
31092065
31090926
31087331
31069979
31050912
31050810
31049728
31049234
31041670
31013941
30998166
30998164
30996850
30995850
30985017
30977935
30975644
30971335
30969531
30969082
30965317
30950678
30948488
30932722
30930192
30926777
30925843
30919941
33604548
30895567
30892978
30889303
30870147
30865915
30847907
30846848
30842376
30824279
30819138
30805227
30793984
30781507
30772299
30771115
30767234
30761871
30760453
30738463
30725894
30726936
30726782
30717771
30710863
30704223
30701930
30701919
30694363
30679326
30674061
30671215
30647982
30635630
30635218
30629793
30626836
30626808
30626803
30626797
30618061
30612065
30606612
30602717
30601073
32157965
30594750
30582868
30582392
30573049
30571852
30564475
30563882
30563881
30558676
30556384
30549313
30545998
30528537
30502854
30502850
30501902
30478722
30471421
30459342
30455943
30455425
30452397
30450539
30424706
30405895
30405096
30404086
30390311
30383703
30368038
30359570
30350174
30346901
30344986
30337359
30320340
30318865
30312177
30304655
30302184
30301673
30295274
30295263
30292681
30291232
30285359
30281843
30274004
30252953
30249383
30232899
30217687
30190203
30185707
30185703
30173238
30159181
30159077
30157297
30155258
30153096
30121892
30115545
30111420
30111418
30105753
30101937
30097170
30084669
30080988
30074114
30057985
30056970
30043249
30026432
30025280
30012347
29993340
29987745
29984585
29984396
29979407
29975001
29973454
29973441
29971894
29970351
29962681
29950234
29950230
29949532
29946821
29946154
29945475
29934356
29925725
29891835
31723782
29880847
29862872
29851963
29845291
29793825
29790256
29767848
29751169
29741776
29734070
29725364
29713873
29705369
29703677
29701238
29684340
29676359
29668550
29665937
29656438
29654448
29653557
29650801
29631428
29622658
29617043
29611379
29609040
29603799
29575945
29566880
29560522
29556018
29542026
29538005
29534592
29521303
29521158
29520559
29516749
29515972
29515073
29508552
29488167
29480036
29472808
29467191
29464483
29463578
29442537
29437800
29427319
29426921
29420626
29411299
29405428
29404876
29397860
29397849
31723757
29390868
29381999
29377227
29369421
29344542
29332224
29323541
29321520
29318735
29313725
29306106
29290077
29282219
29282196
29279468
29277359
29262908
29254200
29246923
29233975
29226426
29225675
29222296
29217833
29194068
29191839
29187020
29181548
29179429
29166742
29164292
29160038
29153099
29152412
29145678
29143068
29134817
29128551
29121538
29100304
29090588
29086702
29085634
29079600
29078922
29076129
29075087
29074595
29068570
29055434
29048104
29047144
29040257
29022213
29019736
28990497
28982745
32300403
28948496
28948488
28948454
28946149
28942516
28935991
28934680
28914569
28883275
28883223
28877306
28870040
28866127
28863969
28859112
28828906
28827411
28824001
28819279
28818981
28808761
28808591
28795425
28792253
28789461
28781272
28780729
28780601
28778261
28766534
28760302
28745329
28725653
28707720
28702412
28692109
28688466
28685840
28676668
28669446
28662484
28655032
28654952
28653329
28641646
28632284
28627134
28623609
28622623
28620103
28615140
28604261
28602585
28601975
28601551
28599464
28589759
28589084
28587547
28585070
28584607
28564565
28561069
28560052
28556926
28552475
28544749
28543356
28542718
28529308
28520566
28518284
28515914
28509339
28503969
28503875
28502030
28500663
28500170
28499938
28497580
28495449
28488914
28482711
28468090
28466600
28465971
28464892
28460339
28457008
28450924
28446303
28422716
28419187
28419183
28415571
28408463
28406068
28402197
28397442
28395806
28393599
28391042
28389907
28389256
28380402
28378909
28376576
28370510
28365441
28343445
28340692
28338652
28336526
28335073
28328595
28321088
28314843
28301098
28291640
28285408
28279030
28261298
28260027
28259826
28259616
28251679
28248312
28247057
28246554
28245393
28241944
28240786
28237966
28237691
28228104
28220932
28219560
28219223
28218607
28211153
28205126
28194492
28188970
28168700
28164603
28161773
28159675
28145534
28144498
28143941
28139563
28132789
28113109
28110571
28057739
28056324
28049641
30595863
28031530
28029004
28028559
28028029
28028027
28028026
28025866
28010748
27997717
27991718
27990849
27984634
27976991
27966016
27958278
27956543
27956542
27956541
27930945
27929554
27925044
27924369
27919526
27917774
27913528
27913526
27911124
27909216
27892678
27892526
27880982
27875935
27875375
27870387
29296692
27858230
27856474
27855276
27822101
27813534
27807369
27801320
27756180
27667010
27132877
27787922
27447873
26699699
27774820
27768091
27766390
27764253
27752371
27693531
26945263
27739333
27734130
27734102
27734003
27729820
27727468
27716741
27708986
27706633
27690182
27686171
27686170
27686169
27684959
31149463
27634203
27612319
27601760
27598581
27588186
27584865
27579896
27579252
27570091
27566291
27564461
27561316
27557754
27552390
27550486
27548297
27540717
27540137
27531097
27525727
27521307
27521277
27518041
27512155
27504244
27500783
27497846
27494969
27486987
27477402
27471124
27468853
27458250
27453224
27434077
27432009
27427771
27414763
27408371
27408370
27402956
27386925
27384487
27367035
27365426
27365140
27354406
27354022
27352261
27348300
27347169
27344681
27344349
27341755
27341002
27335198
27335134
27334946
27313483
27307770
27282563
27276864
27271054
27252806
27249739
27247323
27243342
27232929
27209416
27206879
27196445
27185380
27182615
27175028
27168714
27161873
27161713
27161708
27161323
27157684
27151023
27143923
27134742
27124925
27114372
27111338
27103977
27100794
27094255
27094252
27090942
27084257
27083415
27081176
27077777
27074203
27070130
27067982
27061824
27061303
27060176
27052852
27048338
27041108
27039813
27038682
27037858
27037840
27033437
28718562
27013444
27009537
26994960
26992943
26990535
26978616
26964174
26961933
26957845
26955689
26944254
26943702
26933174
26922064
26917989
26916570
26914631
26904322
26900719
26898207
26898077
26895801
26894965
26890983
26876249
26875150
26852656
26843622
26841017
26840530
26835366
26832847
26829283
26823993
26819057
26799697
26793025
26783435
26777583
26768689
26757507
26756924
26755644
26754830
26750731
26748894
26727159
26718907
29492430
26717494
26717193
26710883
26709404
26699178
26699177
26699176
26697989
26695917
26695916
26688384
26677499
26670597
26668680
26658493
28856190
26650457
26637741
26635038
26625777
26617062
26614694
26609329
26608331
26604428
26587685
26579318
26573090
26565403
26564251
26552452
26543328
26538823
26538820
26524072
26523382
26522763
26514532
26512843
26505790
26501981
26492355
26491227
26489695
26486786
26468945
26464262
26463040
26462788
26460248
26458438
26450985
26449764
26449662
26437571
26432058
26431835
26423830
26422250
26420947
26408371
26402369
26385526
26377485
26375990
26372588
26371371
26370832
26369983
26368319
26362408
26361700
26361084
26355403
26354357
30546596
26345555
26345551
26343915
26332552
26332546
26332545
26306065
26304075
26294092
26294037
26292161
26290261
26275051
26271725
26269121
26261774
26256826
26251152
26250575
26237165
26228487
26227853
26223499
26214139
26205460
26202929
26198293
26196190
26189968
26185305
26182695
26182311
26181658
26178351
26176817
26176558
26163633
26137205
26133054
26132594
26132192
26130950
26119186
26118316
26117054
26116595
26113113
26093937
26088928
26082670
26077363
26072330
26064712
26044307
26036168
26031797
26031522
26028965
26022238
26012362
26012134
26011312
26002850
25999444
25997869
25996953
25996073
25993201
25989112
25982040
25976962
25976465
25970554
25968903
25959795
25959311
25956046
25955555
25953232
25951317
25934766
25926062
25922307
25914740
25913509
25912587
25912019
25907499
25904378
25894476
25893311
25885405
25876231
25873496
25873492
25872987
25870379
25863408
30546561
25860380
25860240
25858548
25854460
25851510
25850727
25849990
25845133
25840747
25840625
25838280
25828967
25824741
25819149
25817448
25810569
25801912
25797878
25794131
25793623
25790738
25783867
25781296
25778631
25768401
25746303
25745188
25743883
25743142
25736096
25736004
25729726
25724238
25722774
25719551
25716342
25715049
25707870
25696878
25696867
25689636
25687088
25683958
25680896
25671252
25661444
25650864
25645731
25644746
25637689
25635755
25631214
25630751
25628989
25626845
25624900
25613239
25611051
25604267
25585678
25585370
25584101
25583084
25574323
25573593
25559461
25557358
25555871
25553276
27358872
27239389
25544863
25543711
25540065
25531047
25528320
25527813
25526816
25525531
25522845
25520049
25515354
25504846
25491494
25486953
25486952
25485912
25482134
25472969
25470150
25467031
25463372
25459177
25447704
25433930
25432436
25426980
25425991
25425199
25397683
25389097
25386351
25368771
25352381
25332611
25332555
25324966
25323779
25323688
25323682
25314776
25307456
25307179
25305205
25305163
25298269
25297748
25297747
25288776
25269924
25263265
25262210
25259626
25258688
25246266
25246244
25236537
25227185
25223529
25217248
25212275
25196073
25194978
25192581
25191727
25189726
25189725
25189724
25189723
25189722
25171702
25170413
25160063
25152131
25151955
25149709
25144224
25143485
25139350
25132652
25130821
25130523
25129052
25124313
25120015
25116182
25116159
25116092
25112775
25103987
25103330
25093003
25082025
25073235
25069759
25068507
25060252
25055798
25042466
25040297
25039361
25037629
25030074
25025018
25025015
25015940
25015052
25013507
25012914
25006741
25005031
24981691
24980764
24971434
24963042
24961454
24957246
24935860
24935260
24909033
24907356
24904106
24903629
24899545
24898769
24897074
24895336
24889737
24888272
24881037
24874539
24858412
24850455
24849893
24845343
24836761
24820309
24814134
30534209
24811089
24803776
24795056
24791854
24787989
24786775
24767953
24762543
24754420
24753674
24753125
24749507
24746271
24732593
24721000
24711916
24711413
24709317
24692758
24690328
24689875
24688110
24671522
24645956
24645955
24641389
24630365
24628639
24627549
24627006
24618731
24618579
24617727
24611479
24610470
24609764
24600127
24589549
24582788
24553179
24553173
24551308
24535932
24528501
24524340
24524202
24523226
24511651
24509338
24505526
24492037
24488907
24488561
24481665
24475114
24474573
24463275
24460750
24458835
24457415
24454890
24450579
24442345
24441292
24440836
24434346
24426359
24406018
24402162
24398328
24389309
24385783
24385771
24385747
24385746
24381227
24378116
24372927
24371783
24371780
24371211
24366362
24366192
24365372
24362471
24351780
24348803
24341401
24339944
24337516
24334294
24325890
24325359
24325357
24325356
24309205
24290217
24290215
24301930
24288407
24280934
24277659
24268792
24267139
24265194
24265174
24263960
24254553
24252366
24245548
24240522
24196613
24220620
24206045
24205832
24201120
24194760
24190690
24183283
24173089
24173087
24146204
24118452
30546769
24114627
24111669
24106449
24094604
24091929
24091831
24086946
24085768
24084459
24069563
24069558
24068492
24060203
24037420
24035729
24032343
24025541
24009132
23996481
23996471
23996108
23995254
23994117
23993426
25755508
23990704
23986553
23970983
23952300
23933759
23932394
23906574
23900239
23873831
23872309
23871356
23865766
23862669
23862006
23855810
23845539
23838005
23828072
23827351
23826582
23812932
23808749
23799525
23782935
23781511
23781354
23768070
23758082
23751441
23735588
23731455
23727686
23716560
23704469
23701016
23695894
23681871
23677817
23676590
23670178
23668666
23667719
23666689
23647225
23639951
23633544
23633335
23633193
23629798
23613267
23610611
23601811
23597578
23591792
23590694
23587594
23577924
23575445
23571153
23570380
23560534
23558521
23553621
23542719
23542632
23536018
23498669
23494965
23490491
23480528
23479932
23476834
23476797
23469399
23469088
23467025
23460316
23459451
23454563
23447059
23441089
23432162
23430670
23418753
23402297
23400413
23398206
23391844
23391678
23386690
23378182
23373780
23363794
23357690
23354997
23349688
23349007
23346272
23343777
23335367
23330839
23317159
23315161
23304160
23304015
23302045
23298878
23292794
23289190
23288640
23281576
23271264
23265742
23257441
23243936
23243278
23237864
23233637
23233635
23233154
23227377
23226175
23216455
23213945
23209034
23199894
23188718
23184668
23184666
23177312
23174192
23160693
23133976
23130336
23123534
23121980
23117264
23107469
23094849
23085694
23071245
23066032
23065476
23056879
23055361
23054653
23054641
23049405
23037731
23033268
23023734
23009940
23009934
22999527
22997499
22993907
22990561
22990042
22988798
22983589
22944097
22943924
22924455
22917768
22916261
22911897
22898909
22898600
22898586
22889110
22884083
22880233
22877729
22869791
22864358
22852872
22850610
22847163
22830345
22829077
22818858
22802311
22793267
22784966
22781713
22781379
22775775
22768743
22763156
22762031
24058768
22743278
22740446
22733026
22730657
22730513
22722988
22718845
22709688
22706852
22706669
22704337
22700720
22696908
22689671
22686448
22677324
22642280
22659388
25755427
24744648
22641623
22641564
22583424
22577276
22575188
22569900
22565617
22555824
22537896
22532522
22527856
22507813
22507800
22511494
22503918
22500051
22496165
22489043
21609650
22474318
22472269
22460584
22449610
22446615
22425438
22424943
22419578
22418850
22406466
22395523
22362131
22389068
22385957
25992203
22383744
22383244
22375970
22364960
22339435
22339244
22333011
22331582
22325365
22318644
22318201
22315499
22308114
22305797
22304488
22301942
22300941
22287874
22278747
22263571
22262773
22252311
22251709
22237692
22234683
24451774
24451773
23569507
22205846
22204454
22200991
22200624
22196956
22196954
22190201
22183758
22170483
22160042
22160038
22160037
22149429
22144185
22140611
27264600
22109574
22106054
22096879
22088920
22086865
22086864
22084665
22077528
22076463
22069235
22065597
22059534
22035746
22035745
22035744
22058216
22058215
22051730
22051530
22041356
22039845
22039256
22032613
22018018
22014557
22011365
22006129
22005786
22002045
22001278
21996473
21986846
21982959
21981043
21964878
21962339
21953568
21936859
21934297
21933860
21933042
21926959
21923651
21922527
21921040
21917685
21913812
21905586
21904853
21893442
21887928
21887923
21883029
21876778
21867645
21867614
21860723
21860647
21859555
21858443
21855996
21846594
21841770
21836466
21830019
21825979
21821860
21806350
21805495
21799102
21785675
21768686
21766300
21764130
21752469
21750318
21749449
21747083
21744327
21737230
21725052
21718822
21718414
21712540
21708889
21705500
21698292
21685469
21677342
21674577
21671730
21654720
21653937
21653328
21646683
21640467
27264131
21623459
21606481
21599574
21594892
21537037
21536863
21521147
21499015
21495413
21490340
21485168
21474922
21450510
21447832
21447007
21442635
21435189
21421540
21416861
21403427
21389325
21376394
21362419
21362261
21359411
21357711
21355091
21351120
21333260
21331593
21328432
21323890
21318136
21306925
21294321
21287350
21283107
21281225
23556072
21264914
21251467
21247487
21245760
21244778
21243496
21239782
21239780
21228032
21227681
21220608
21220604
21219298
21217153
21212285
21211419
21205761
21200024
21198822
21198321
32214969
23471017
23049357
23049351
23049320
23049318
22696634
21188113
21180092
21173097
21159702
21157140
21151606
21143149
21142409
21139142
21138246
21133718
21132732
21127942
21127871
21122317
21120194
21120162
21106990
21105128
21095048
21083657
21082983
21080242
21079613
21074499
21062247
21062242
21059102
21056468
21053481
21051030
21045235
21035235
21034166
20978717
20966892
20966521
20962476
20948870
20934219
20923789
20922795
20922526
20890078
20888087
20852510
20852385
20843246
20825981
20801055
20730008
20727590
20724988
20724303
20723337
20723311
20722707
20709665
20705770
20699254
20693770
20681956
20681462
20674102
20671051
20670476
20664061
20661915
20660412
20656333
20655587
20647525
20633767
20630570
20625903
20615083
20610815
20609348
20600579
20597253
20587663
20585391
20581888
20567824
20565738
20560970
20560681
20560378
20551270
20546341
20534696
20533737
20528907
20528738
27263449
20513531
20508616
20508163
20506062
20489053
20484885
20483636
20479281
20473593
20472827
20445328
20445018
20444633
20434803
20434300
20431848
20430444
20428846
20428194
20425392
20422415
20418246
20417872
20410924
20364027
20362232
20356540
20352170
20339092
20331763
20331456
20304805
20231614
20215535
20214695
20214447
20205617
20197548
20191332
20186505
20182878
20181185
20181159
20170959
20164660
20160166
20151976
20146031
20134155
20131101
20130601
20130243
20113843
20113830
20113333
20110000
20104275
20087176
20081056
20074024
20068225
20060041
20052743
20046080
22767658
21516739
21415968
20030962
20017445
20015882
20013324
20008298
20008249
20008247
20008195
20002154
20001246
19999391
19965680
19965650
19959099
19950698
19947779
19944327
19942953
19941738
19939582
19923984
19912517
19911521
19908349
19889302
19887779
19887674
19887489
19880761
19877761
19860198
19860179
19858378
19857967
19847198
19844986
19843380
19840484
19826111
19816006
19811223
19806641
19806146
19799128
19789961
19786661
19778862
19778861
19775682
19773543
19763519
19759381
19752004
19741509
19734947
19731306
19728024
19728022
19713221
19707158
19705431
19701677
19696799
19691103
19664802
19657484
19644436
19643476
19636672
19616600
19615425
19608683
19582452
19571623
19566793
19564637
19559386
19559071
19552608
19549471
19549399
19549384
19549360
19541820
19531676
19522842
19522256
19521323
19521067
19508974
19501853
19500139
19497108
19489438
19484738
19483125
21082965
19478480
19474421
19472396
19468984
19468275
19466975
19447617
19446406
19445582
19443901
19442200
19422438
19421140
19413997
19406079
20849569
19401542
19398294
19395976
19387466
19377078
19372714
19372254
19370971
19369682
19364963
19360001
19352088
19336736
19332765
19329711
19302911
19299003
19287385
19287384
19287382
19284137
19279390
19278953
19277418
19274616
19262601
19261614
19250672
19248460
19248458
19243425
19241208
19236446
19235016
19235012
19232081
19225136
19223280
19222478
19222468
19221038
19215672
19215011
19214510
19210881
19208420
19208099
19202955
19181785
21082994
19176988
19175989
19175983
19175693
19147089
19172381
19167611
19154658
19151790
19141119
19134023
19129692
19129688
19120370
19118374
19118011
21866237
21686395
20425436
20425435
19105233
19099657
19096846
19093167
19085652
19075958
19074062
19052980
19042918
19039208
19038034
19030859
19029146
19006565
19000481
18942338
18937974
18852553
18849073
18843285
18841497
18840727
18839608
18838204
18833926
18815196
18807044
18805579
18802948
18800144
18796244
18792562
18790799
18786436
18783136
18781401
18780577
18775810
18769448
18768782
18760472
18754034
18754027
18754026
18754024
18728027
18723910
18723478
18723266
18723264
18720212
18701405
18669880
18666440
18661406
18645927
18641024
18635311
18632152
18632151
18629498
18623127
18619646
18618714
18617299
18617063
18616871
18612778
18612101
18600099
18596737
18591627
18587010
18575865
18575049
18570601
18565320
18562396
18559497
18551750
18538839
18534315
18519816
18519514
18504767
18496562
18496561
18484677
18484477
18480837
18464114
18454412
18453785
18452096
18451307
18451306
18443353
18430462
18429051
18426677
18425953
18410451
18409076
18401028
18399275
18398736
18395411
18395301
18393033
18386616
18385755
18385750
18380991
18380894
18376254
18374456
18367486
18365193
18357420
18347565
18347564
18337443
18336541
18334677
18321571
18314608
18310537
18300758
18299832
18297515
18283782
18268279
18266209
18245648
18234096
18226435
18221390
18220909
18190442
18188594
18185525
18181201
18181200
18166784
18166783
21318983
18160817
18160670
18160579
18094555
18092959
18084761
18079739
18078991
18072652
18072651
18065347
18057866
18048969
18036317
18033315
18032974
18032973
18028479
18024652
18024651
18024322
18019426
18006699
17988529
17980909
17976523
17976522
17976520
17976519
17973973
17968848
17961178
17952438
17943174
17941461
17938925
17934351
17920754
17919086
17917955
17909074
17907502
17906464
17899078
17898576
17892541
17889703
17889678
17885079
17882283
17882280
17879017
17875526
17873518
17854308
17852711
17852451
17852434
17851555
17849460
17849070
17826562
17825908
17764814
17728787
17727566
17727565
17727564
17727563
17727562
17727561
17719087
17713548
17704756
17703302
17701105
17687555
17682426
17673813
17669523
17644735
17643100
17637260
17629554
17625603
17622783
17611839
17611572
17611562
17605888
17597478
17587880
17587879
17587878
17587877
17583256
17581608
17577920
17573918
17571577
17571029
19707323
17525889
17525888
17519959
17509995
17488875
17464935
17460706
17455310
17449801
17440984
17440677
17439832
17426257
17410295
17408106
17402211
17401398
17396258
17392820
17389763
17389152
17384217
17383090
17379742
17376889
17369568
17367853
17361221
17351342
17344140
17336249
17333529
17328948
17324461
17320215
17317861
17317589
17313564
17313377
17301972
17296594
17285276
17278781
17267906
17266061
17263783
20425386
17262192
17255768
17251900
17249502
17240625
17229651
17222772
17213018
17210175
17210076
17200353
21318952
17189221
17183644
17178722
17178662
17171694
17170720
17162218
17162210
17157157
17146180
17145859
17137402
17131059
17127481
17124067
17123268
17122883
17117074
17111201
17111143
17110452
17107920
17106162
17082007
17064987
17064976
17055768
17050195
17045648
17037413
17032464
17023581
17013813
17011030
17010433
17006961
16990584
16988161
16978237
16977587
16977575
16977569
16959024
16956836
16954506
16953212
16949922
16940183
16933275
16930139
16929538
16928606
16926301
16924638
16923108
16922618
16919893
16916724
16913448
16904848
16901656
16898960
16896569
16889850
16888614
16885051
16879016
16879015
16873677
16868251
16856928
16856926
16854761
16849644
16840213
16825501
16823822
16822399
16810619
16810618
16810617
16810616
16810615
16810614
16810613
16810612
16810611
16810610
16810609
16804363
16801072
16787877
16786238
16781491
16781486
16781482
16781481
16772604
16771099
16764090
16762626
16755572
16753880
16741247
20425337
20425335
20425334
16728702
16724675
16720558
16691533
16682291
16682284
16673283
16673280
16673279
16673278
16673277
16673276
16673274
16673273
16645624
16645202
16639737
16638190
16633126
16632268
16628652
16610578
16598303
16594479
16584616
16568439
16563815
16556037
16544181
16537803
16526205
16510297
16502591
16502590
16499219
16490605
16484586
16483650
16478879
16471068
16471067
16461568
16461300
16461290
16456375
16445510
16440777
16439940
16434495
16434490
16432870
16430463
16425025
16421912
16420986
16412026
16398659
16398570
16396760
16393678
16385927
16365288
16357566
16344424
16341034
16334204
16327955
16325696
16321848
16311671
16307011
16304412
16304411
16304381
16304380
16293924
16293597
16285006
16282342
16275459
16271512
16263584
16247455
16238130
16220296
16219569
16219553
16210040
16210037
16210036
16210035
16210033
16210032
16202684
16197451
16197447
16197445
27407815
16188676
16178503
16171495
16164981
16163180
16157199
16138352
16127162
16122842
16121816
16118625
16116483
16115126
16113833
16103633
16103481
16081687
16079890
16053035
16052298
16048033
16047033
16042688
16041176
16034467
16029444
16020757
16019508
16019501
16007902
16000360
16000354
15996924
15985544
15983426
15981818
15976261
15970705
15963833
15962609
15959531
15951300
15949575
15924069
15920007
15916677
15908303
15908186
15889449
15884726
15865875
15861412
15860661
15858255
15858187
15850829
15842653
15841120
15838389
15837627
15837617
15834434
15802893
15789065
15786940
15781101
15767819
15763898
15755500
15750823
15749677
15745316
15744342
15736066
15726648
15725099
15711760
15710584
15710583
15703471
15691321
15682418
15679425
15667529
15667527
15667035
15634597
15627933
15615235
15613107
15609690
15609281
15605767
15592285
15578448
15569529
15565550
15559729
15558807
15550132
15541325
15531464
15531452
15531447
15529445
15522575
15522066
15510207
15498866
15494424
15477215
15477205
15477204
15476273
15468308
15466914
15461629
15458686
15390356
15389906
15384975
15384183
15381377
15380337
15378824
15378276
15375769
15374723
15352995
15341701
15339673
15339671
15334759
15327515
15325102
15289024
15287922
15279663
15278298
15276643
15271793
15264993
15257729
15225097
15221564
15217760
15217712
15214840
15211905
15202080
15199736
15195702
15194532
15190520
15190519
15190518
15190517
15190294
15186279
15183892
15182553
15175894
15168594
15166939
15164229
15160964
15156266
15155103
15154599
15136229
15136214
15134042
15128420
15128419
15127267
15124674
15107753
15095485
15089761
15088322
15085152
15077878
15074467
15060419
15050027
15048058
15034760
15030122
15028825
15027586
15025431
15025370
15018396
15003898
15003887
14998918
14998917
14979411
14979062
14967408
14966468
14767209
14764528
14703699
14703698
14701686
14697645
14694281
14689068
14687032
14671816
14667201
14663167
14650958
14633783
14617017
14617016
14565648
14560781
14560779
14560777
14555309
14555308
14504975
13679345
13679323
13677944
12952240
12950237
12943479
12934770
12931569
12920019
12916880
12910039
12901347
12901346
12901343
12893021
12868237
12854912
12854908
12852168
12844223
12833462
12831971
12831964
12828010
12783207
12781799
12775533
12773744
12772054
12763489
12756017
12750696
12735644
12723560
12714827
12709924
12707723
12707224
12688364
12688334
12682880
12682878
12682875
12681982
12656752
12656748
12634947
12634946
12590950
12555209
12551834
12544733
12518414
12516687
12515724
12509387
12507288
12497210
12494455
12493025
12492973
12492598
12483364
12482501
12479847
12475736
12452821
12442103
12437648
12436295
12430943
12430942
12430941
12430925
12430892
12430748
12423504
12417055
12414348
12405336
12391498
12389621
12382421
12377969
12366715
12357360
12353315
12353311
12270061
12243981
12236976
12225400
12221665
12217200
12215011
12212474
12210809
12200712
12200693
12187022
12181046
12180484
12176877
12171772
12150005
12148883
12145463
12145443
12141271
12111780
12107569
12099203
12096355
12096354
12096353
12096352
12096351
12095150
12091373
12075509
12071933
12061320
12061297
12060113
12053719
27264763
12041671
12038780
12031932
12010832
12010817
11991237
11990518
11985560
11978937
11940483
11923703
11920280
11918532
11895803
11891817
11891801
11886575
11886403
11886392
11886385
11877088
11861274
11860444
11856718
11843901
11838740
11836162
11815715
11792116
11772924
11766643
11766339
11762622
11755859
11754402
11736962
11735160
11726314
25696769
11713382
11713378
11692847
11683789
11680267
11669311
11640868
11584622
11572227
11565540
11559934
11555513
11548978
11526659
11505520
11490529
11490525
11480578
11454537
11454315
11449771
11426503
11424477
11418379
11399581
11380400
11378575
11378261
11372728
11350483
11345408
11343780
11342314
11336593
11322360
11322349
11320901
11317966
11317964
11317963
11317959
11309830
11301104
11296785
11292190
11286226
11266025
11261328
11260062
11249536
11242599
11242595
11236245
11233780
11205569
11204030
11202908
11193434
11188949
11185990
11208392
11208342
11208311
11179935
11177373
11167837
11166462
11166459
11159509
10753836
11155916
11155408
11148402
11122159
11111124
11111121
11110700
11099330
11085287
11074573
11073167
11071630
11071622
11070720
11064471
11064463
11054096
11045159
11031931
11023523
11012187
11007164
11007052
11007051
10997995
10997967
10997885
10996831
10986148
10984199
10981395
10967156
10966175
10942117
10938896
10931165
10930985
10914933
10910539
10907463
10901610
10898276
10892187
10892185
10883257
10870776
10848807
10828006
10814992
10814644
10811458
10811453
10800165
10784398
10767824
10768466
10752989
10741915
10729994
10726046
10725994
10725982
10725980
10726022
10707202
10695403
10684150
10684145
10681735
10679802
10675583
10674916
10663667
10663620
10651728
10647877
10645767
10640221
10640220
10640218
10640217
10640216
10640214
10640213
10637490
10624133
10616540
10613456
10606871
10606460
10604160
10602893
10553169
10588461
10583723
10583217
10582180
10553341
10561146
10557047
10548906
10548071
10534225
10526541
10525825
10524447
10520034
10514627
10512168
10506938
10494240
10494032
10484635
10483672
10461646
10437896
10436140
10414508
10396419
10395106
10391102
10374861
10367798
10359068
10348150
10331505
10233436
10233392
10226729
10221501
10215349
10214878
10214859
10205592
10200810
10194123
10192463
10192455
10190944
10091388
10086797
10086775
10079679
10078342
10077968
10072110
10069447
10052713
10037033
10025899
10025886
9989084
9951585
9930555
9930554
9930553
9930552
9930551
9930550
9886328
9885203
9885202
9882858
9875668
27426843
9868417
9868348
9863754
9864154
9858907
9858229
9858146
9857387
9849849
9847957
9840691
9820637
9818051
9797078
9793260
9787322
9787320
9786583
9785983
9785879
9784784
9776211
9775174
9766922
9753068
9740087
9722889
9718944
9716014
9714524
9714517
9711929
9698024
9694744
9694740
9694695
9685166
9684757
9678805
9673037
9669688
9658438
9654156
9639498
9639417
9637273
9573039
9631894
9626028
9624842
9516377
9597194
9590156
9589087
9590446
9531623
9577584
9550559
9544970
9536909
9529121
9526677
9525354
9519786
9517515
9508357
9499248
9491958
9475763
9460506
9450785
9432045
9432029
9433378
9427717
9426514
9425899
9422046
9414643
9375739
9406575
9404129
9371529
9369413
9354672
9354671
9326244
9326212
9326205
9267870
9286142
9258660
9289558
9346773
9322681
9272712
9256838
9233571
9198227
9198226
9207394
9191563
9169662
9250833
9234598
9194391
9163612
9206768
9136963
9095490
9092679
9218101
9217607
9074426
9055722
9162790
9157584
9154316
9154314
9088933
9071816
9051142
9045287
27406799
9387205
9387200
9387199
9387198
9263357
9263356
9263355
9263354
9263353
9263352
9263350
9263349
9255910
9210919
9208259
9173218
9172997
9158672
9028158
9028125
9025160
8989903
8978285
9033696
9028525
8956388
8888746
9026932
9026853
8908170
9372099
8983355
8951786
8951784
8951783
8951779
8951777
8951775
8951773
8951771
8951770
8951769
8951768
8883266
8830731
8810938
8759898
8712175
8701962
8928419
8819080
8710104
8689617
8684009
8703837
8703834
8703817
8703803
8678547
8652390
8644826
8640685
8625788
8767538
8738590
8677098
8641402
8639457
8638610
8638606
8680553
8713668
8796772
8672784
8616055
8598235
8598717
8683850
8603023
8597606
8579054
8721871
14651220
11012207
11012199
9296021
9151204
9074718
9047965
8952859
8922489
8900853
8818385
8638441
8638438
8624479
8599982
8571943
8571939
8750643
8750621
8719933
8697732
8589367
7588022
8804176
8607099
8555064
8586763
8563086
8531333
8527391
7670098
8580213
8574158
8559638
7658287
7591617
7639273
7639271
7631354
7543418
8540120
7672987
7590511
7763128
8590357
7794751
7794000
7631312
7786775
7783354
7741136
7479268
7700286
7783328
7772536
7540225
7885050
7864024
7731463
7720836
7699288
7869763
7792731
7759569
7756710
7812918
7886016
7886013
7886012
7859872
7817232
7786614
7777720
7725847
7718325
7653223
7628997
7613073
7583704
7544525
7857833
7819084
7803745
7799975
7754444
7992252
7925857
7839019
7710537
8088381
8065157
7962638
7822871
7800586
8192159
8192153
8089231
8021297
8015328
7993786
7993785
7948747
7806091
8190430
8078188
7974355
7955922
7514139
8033397
8144714
8192818
8152300
7512174
8168592
8167182
8129397
8123173
8063260
7518713
8309247
8306341
8298147
8298136
7911767
7911034
8140075
8586037
8299772
8291908
8157882
8091933
8067197
8027678
8025202
8023650
7992598
7899862
7833154
7769374
7640368
7513998
8295333
8128657
8087623
8013984
8128427
8302786
8175035
8136288
8039752
8404492
8287760
8285117
8148497
7508003
8400231
17590719
8409616
8405328
8282442
8251397
8242914
8230746
8414962
8401187
8347730
8342882
7693834
8324229
8321046
8499485
8398845
8330275
8253600
8170552
8337216
8963540
8511389
8507720
8507719
8498142
8329837
8320426
8317474
8315826
8322281
8500606
8491569
8472724
8464104
8319864
7686030
8348078
7687168
8492422
8457467
8457466
8438894
8426485
8426490
8486340
8477907
8436214
8435322
8431920
8387942
8372486
8363673
8362612
8355412
8273365
8263294
8119627
8085722
7504541
1338397
1494708
1482653
1288286
1280864
1485573
1442851
1490150
1455042
1450337
1382910
1340383
1296390
1286233
1483589
1446726
1514146
1511057
1503083
1430378
1391807
1382173
1638486
1626563
1615925
1615810
1427442
1427441
1427439
1614699
1643204
1637884
1623094
1477653
1623054
1613144
1566756
1552915
1602618
1582063
1496272
1641818
1635175
1613992
1585233
1585231
1550104
1549353
21043910
1730277
1728943
1602810
1585777
1557486
1530243
1398280
1386487
1375798
1355900
1311143
1297150
1720925
1367959
1836999
1958487
1932299
1931719
1931708
1914582
1789889
1764686
1835035
1745085
1746004
1944794
1911390
1868241
1942527
1942523
1940533
1912029
1911351
1858644
2065312
2062751
1767714
2064953
2025858
1752536
1752535
1752534
1752533
1752532
1752531
1752530
1676079
1661268
2029575
2015567
2049469
2033500
2046440
2041165
2012772
2012771
2012762
1996562
1826272
1671649
1994135
1992919
1985762
1709309
27467667
27458671
27457569
2069302
2058083
2057299
2055565
2042444
2039859
2029080
2025938
2014382
2011927
2010654
2008534
1999531
1994734
1957045
1921721
1904180
1902615
1824823
1824610
1823971
1799486
1799484
1799482
1787383
1781264
1773983
1683718
2079727
2261948
2220756
2098301
2098295
2074971
2397474
2255058
2242945
2146144
2144707
2126385
2094327
2091108
2389774
2389771
2246670
2235812
2223038
2128631
2097273
2089183
2364366
2261873
2202092
2116262
2103317
1973503
2389239
2230668
2201115
2197729
2115694
2074053
2400197
2214174
2130928
2381077
2227630
2108872
2355780
2328314
2373936
2346724
2344884
2337683
2327424
2311065
2141975
2140694
1973205
2342025
2328794
2320283
2307991
2214392
2183087
2318294
2301374
2155903
27457295
2313904
2310690
2307218
2304246
2300836
2293760
2279539
2272538
2268537
2196654
2181204
2180005
2143744
2142847
2105572
2105111
2098268
1970693
1708632
1703118
2629455
2628622
2627727
2624663
2804368
2790773
2693129
2639504
2612617
2605123
2531821
2686247
2810302
2790750
2617391
2589080
2583261
2531094
2527003
2491043
2799342
2529510
2804727
2772987
2669997
2796252
2775665
2747291
2696391
2736522
16312860
2796449
2790738
2769288
2763418
2607651
2592103
2507420
2505875
2780431
2757963
2757119
2736309
2527057
2726045
2722642
2662020
2760157
2731151
2712063
2470371
2468065
2929582
2715960
2667169
2656291
2529429
2924501
2769957
2923812
2923804
2917639
2741645
2469130
2562897
2917205
2914806
2910081
2908860
2763782
2719868
2716195
2706900
2701286
2644994
2643412
2618978
2587208
2510437
2505472
2498176
2496560
2495880
2486294
2474228
3196045
3190400
3065324
3264718
3207625
2902403
3224337
3207462
3197824
2901003
3179224
3144645
3410010
3408684
3408680
3395981
3246505
3172678
2898699
3394731
3267102
3184484
3365670
3390390
3374169
3260748
3259440
3163258
3362187
3133056
3376989
3369439
3369437
3166570
3259190
3342378
3404033
3347444
3164285
3163063
3131568
2834604
3422539
3276801
2968753
2964031
3416575
3283875
3282383
3249659
3150698
3140482
3124458
3124455
2899351
2824855
2484433
2465250
3683889
3503591
3479236
3426959
3323173
3321447
3122565
3664428
3423546
3674284
3501618
3482113
3479003
3445741
3314714
3314470
3126106
2447569
3657867
3479860
3316962
3479819
3619459
3497579
3475789
3605078
3496780
3496235
3475043
3444683
3317840
3606955
3605067
3322442
3114099
3114098
3829939
3626045
3609255
3566304
3504085
3470113
3609955
3802054
3613121
3609602
3104488
3821286
3829130
3799592
3621857
3613394
3613389
3579139
3504437
3311179
3303441
3302502
3116807
3111093
3768838
3573318
3564856
3559360
3468122
3820629
3797751
3766528
3552351
3535496
3493613
3465986
3820610
3787181
3540674
3490877
3737191
2426823
3719517
3750746
3749928
3730287
3761677
3459398
3458520
3099694
3707862
3458432
3093329
3085704
3458156
3964616
3715185
3711871
3704665
3485993
3004722
3953624
3735683
3704555
3514560
3484942
3461182
3457024
3950643
3947546
3946965
3704234
3510684
3510680
3484965
3458350
3455679
3785010
3962457
3942696
3940483
3798347
3766915
3725784
3719896
3523522
3471009
3462444
3081494
3014553
3006224
2436994
4087973
4094507
4084458
3915407
3834166
2415186
4069421
3931605
3909614
4081643
3866498
4040804
4040724
2411180
2414762
3898534
3863978
4048690
4005182
4040994
4002272
2984971
3921571
3859248
2581493
3858568
3856312
4080297
4080296
4068750
4058079
4038959
4038430
3939062
3933244
3914173
3159953
2997359
2419226
6543457
6533330
6499560
6598209
6541969
6441754
6093846
6149392
6540620
6520940
6209245
6238307
6542961
6594964
6087961
6542604
6731465
6722757
6746292
6726754
6722359
6706077
6609731
6590899
6540967
6539498
6432645
6379336
6326310
6538475
6538450
6230122
6230121
6198998
6088836
6701501
6691684
6365970
6234741
6714865
6597727
6593144
6546339
6542242
6437120
6418235
6390337
6205948
6197855
6148804
6687160
6685916
6416403
6580171
6318227
6581372
6425812
6419373
6359396
6684892
6577912
6685801
6686840
6228108
6603160
6685866
6683122
6587496
6574316
6685355
6685745
6222468
6140716
6837574
6685859
6376313
6683423
6683422
6344192
6337621
6297531
6836227
6300992
6686467
6686466
6685920
6679953
6592124
6404101
6401901
6364597
6362754
6229303
6229302
6229301
6226169
6890405
6891499
6891999
6816681
6960229
7202089
7046930
6889784
6957071
7200369
6122835
7202064
6949625
6175335
7201156
7037042
7053766
6976793
6891103
6890752
6798857
6764035
6461801
7339013
7296002
7199375
6796474
6171109
6116071
6264993
7196899
7197019
7197303
7195196
7032050
6261393
6942559
7329804
7221403
7203175
7197399
7197308
7194616
6954340
6943958
6461781
6934691
6449150
7193545
7209398
7466310
7192066
6932175
7410947
7189572
7396326
7358318
7191572
7191109
7189283
6967259
6935864
116695
229060
120276
574391
389275
222813
92541
574170
574135
573066
313710
574312
158454
572695
571141
432925
570610
219524
570087
574808
524321
263725
94552
372624
719605
569960
569959
569958
568780
571518
571516
571515
210377
567265
566972
655107
567874
571402
565623
566161
565590
565870
345444
280422
280421
98951
564702
302929
560852
872012
268266
69034
266986
869446
577043
556856
402733
563108
561389
557871
557234
1087534
1067680
986429
1034349
1070714
789932
1065092
986731
944970
944953
942869
816147
1060913
1243802
1060175
814535
54432
1105793
1171722
1169682
808295
1102193
1102191
125073
1057281
1057280
1240456
1054537
1237488
1172047
1168900
1125607
1078710
1058628
126436
126433
1198284
1168376
803763
4215988
4472103
4473953
4843686
4478781
4801744
4737978
4736876
4798040
4738279
4736496
4786327
4570935
4570933
4510632
4796286
4735419
4596641
4575852
4539498
4197946
4123939
4675470
5082818
4673897
5076926
5066398
4623911
5062328
5063114
4550192
4501056
5286449
5287449
5169959
5166573
5284167
5165728
5103077
5100208
5551442
5287077
5001521
4098077
4321681
4921953
5463461
4912295
4247923
5464014
5535579
4314840
5463861
5463616
5267089
5395845
5392055
4903945
4245050
4312283
5797071
5255904
5814492
5813889
5408709
5813292
4892635
5753808
4898155
5749457
5692846
5751897
5301705
5241833
5690850
5691934
5689023
4295426
5754333
5753984
5753128
5737970
4976297
4974583
4968994
5628803
5235193
5626747
5628901
6069853
5624782
5243947
5624796
6020761
5628323
5628210
5627946
5243720
4226358
4226350
6009018
6010792
5220059
5296498
4865714
4958498
5948245
6012200
6007466
5950667
4299304
4165544
4285195
4285194
5893661
14335161
5892601
5893115
5895712
14319209
14340146
5892718
14298143
14304413
14308648
14257652
14261370
14269132
14337636
5890952
14211013
14233375
14225465
14306855
14334490
14170698
14203399
14271209
14316269
14097642
14062858
14070538
14069300
13979292
14019972
13999324
13929379
13978475
13977018
14021581
13981870
13889664
14038677
13888328
13894290
13893489
13872213
14484840
13894122
13950966
13892478
14471134
14468130
14484843
13799816
14429604
13830311
13701799
13798964
13815350
13653831
13634253
13591301
13560803
13521597
13624614
13516046
13446699
13446638
13432052
13417191
13477908
13477907
13477906
13477905
13477901
13477891
13380449
13383304
13354035
13322104
13260666
13311136
13269677
14388550
13250535
13146070
13083977
18879064
