34019108
34017840
34017073
33994688
33973741
33953993
33936671
33936230
33934231
33929502
33921387
33919650
33911177
33909922
33881169
33858806
33851024
33845867
33844862
33833877
33824436
33806036
33802367
33791220
33789164
33787572
33785036
33777803
33770389
33757770
33746442
33738462
33734589
33719144
33718228
33712866
33707861
33707858
33704663
33686952
33677863
33674147
33666653
33666652
33654206
33652860
33641874
33641868
33641867
33641862
33621485
33614736
33611093
33588455
33570633
33564094
33560389
33543865
33542466
33542163
33541399
33526735
33524176
33523551
33492002
33489443
33488802
33483290
33480813
33477816
33477751
33464403
33460496
33455012
33445847
33445845
33440869
33434328
33413168
33397021
33389584
33386934
33373831
33361847
33360878
33346451
33344552
33332482
33327810
33315343
33301706
33293830
33275766
33275725
33271790
33267911
33255170
33243417
33237986
33232476
33222197
33219701
33215234
33210570
33197049
33190435
33178868
33162516
33157979
33147902
33146914
33119879
33119760
33117717
33113604
33113046
33110238
33108024
33104881
33094091
33092233
33089365
33086960
33083863
33078472
33067971
33067970
33064301
33061478
33056979
33054051
33054041
33052264
33050167
33046688
33043481
33036387
26389435
33021971
33012207
32988811
32985500
32981742
32980706
32979286
32971364
32970275
32967342
32963151
32956337
32950178
32949752
32945945
32945548
32929772
32919926
32915978
32913693
32889753
32886896
32886148
32870367
32862853
32862851
32862283
32861814
32846801
32827272
32814440
32814312
32810965
32809470
32806517
32801269
32799592
32798420
32790151
32788124
32777067
32777065
32770086
32765089
32762998
32762294
32748109
32739885
32726410
32707883
32700192
32699056
32697338
32693211
32685224
32674283
32669286
32669244
32654566
32649854
32647323
32642438
32641652
32641650
32640679
32637179
32634234
32618765
32608312
32597318
32593470
32593209
32591258
32583458
32571583
32570245
32567678
32567517
32546727
32542392
32537949
32537715
32536689
32536371
32535855
32527171
32517877
32502268
32479500
32477483
32472085
32471482
32463176
32448830
32444893
32440527
32438043
32429621
32425413
32417942
32403407
32391769
32386542
32384540
32382773
32382708
32381964
32366208
32362629
32354563
32351024
32343799
32333309
32333155
32331228
32326377
32325461
32303876
32300883
32297800
32294178
32290079
32286544
32278797
32277273
32271957
32256694
32248324
32245330
32243521
32221077
32207052
32205168
32201152
32200188
32198525
32196650
32194289
32179412
32172359
32164591
32159402
32157418
32157091
32150650
32147609
32134181
32129512
32127818
32107559
32107471
32098949
32098944
32095159
32093511
32092168
32086587
32081398
32077336
32077091
32076825
32074274
32065308
32056237
32050290
32030449
32023599
32017387
32017044
32008001
31994332
31991066
31982543
31982039
31980217
31971457
31942414
31941838
31939073
31927786
31925638
31920387
31911629
31908904
31908828
31906676
31904114
31897749
31887834
31885098
31878983
31871612
31870662
31860137
31858854
31852097
31848992
31837568
31833567
31832751
31832413
31829460
31808852
31807079
31801274
31789784
31784298
31778911
31778606
31776465
31772163
31765478
31762757
31749958
31749302
31728053
31725895
31712882
31711337
31711282
31709843
31704857
31698448
31698419
31697806
31697803
31695542
31695170
31678370
31677022
31676277
31672904
31668145
31664879
31662493
31659970
31652037
31650735
31646543
31637674
31630335
31628430
31626697
31618985
31601155
31600213
31597841
31597840
31597838
31588594
31587146
31584685
31583083
31571162
31571131
31569199
31560729
31555600
31549966
31544339
31536656
31534088
31532377
31527456
31514253
31511492
31502501
31489296
31488456
31484895
31484887
31483321
31480052
31478923
31471561
31471421
31468506
31455178
31454797
31449507
31446640
31444809
31444617
31427260
31421946
31407257
31396671
31391362
31388824
31388788
31382304
31371984
31369569
31359447
31351663
31350530
31340059
31332222
31326715
31321810
31321378
31317487
31306511
31306197
31301097
31291615
31288096
31284069
31281152
31270458
31270105
31268881
31262666
31258539
31257359
31256921
31256699
31248375
31244289
31242816
31235325
31232923
31219422
31217200
31208359
31206336
31201513
31196854
31188809
31175128
31173472
31172506
31171541
31165444
31165012
31164383
31151982
31142846
31135094
31134612
31126326
31123683
31123026
31115038
31106402
31097535
31093708
31092065
31090920
31076447
31073072
31071164
31069979
31064751
31061068
31059941
31050810
31031980
31029462
31013941
30997748
30995850
30988589
30987952
30985017
30982479
30978308
30977935
30975644
30975640
30975150
30969531
30965327
30962501
30948490
30941804
30935881
30932413
30930192
30929381
30926777
33604548
30896614
30889303
30872371
30853998
30852515
30849661
30847907
30827761
30826464
30824279
30819138
30813806
30805227
30799408
30796884
30785365
30772299
30771115
30767234
30761228
30760453
30745304
30738463
30733282
30733269
30723111
30718771
30718230
30717771
30712053
30704224
30704222
30704220
30683837
30679417
30675650
30674061
30672267
30671215
30668266
30655376
30655365
30651633
30642862
30639623
30632841
30632058
30629793
30625392
30625055
30622146
30617767
30616420
30612065
30606612
30602619
30601073
32157965
30594750
30591541
30582868
30582392
30579966
30573049
30571852
30570876
30569980
30564475
30563936
30563882
30563881
30562793
30558676
30549313
30545998
30545926
30545894
30539968
30528537
30504300
30502854
30502850
30502848
30501733
30516867
30516848
30515542
30515541
30499143
30498775
30479769
30472746
30471421
30467377
30459342
30459132
30455475
30455425
30452397
30450659
30450587
30450539
30447300
30442723
30424706
30422175
30422169
30416700
30409796
30408564
30405895
30405096
30390311
32004164
30366920
30350174
30343328
30343103
30328618
30324817
30321784
30321462
30318865
30315236
30305510
30301673
30295334
30295263
30295068
30294941
30293532
30292010
30291232
30285359
30281843
30277128
30274004
30265752
30262581
30259659
30256778
30252953
30251956
30249785
30249277
30244105
30242099
30235191
30234400
30227762
30213875
30210754
30210745
30205231
30191452
30188579
30185707
30185431
30177138
30159182
30157297
30153096
30127572
30127568
30115632
30115545
30107552
30105794
30105755
30101937
30100963
30097464
30097215
30097170
30093384
30086777
30084669
30080988
30074241
30069628
30065290
30064928
30062500
30057985
30057341
30056970
30046414
30043249
30039550
30035752
30027395
30025280
30012347
30010187
30001163
29998975
29993340
29988611
29987745
29984826
29981287
29975001
29973454
29973441
29971909
29970351
29970342
29966471
29961094
29956472
29950230
29946821
29945135
29934356
29933872
29932310
29930179
29907810
29907599
29898956
29891917
29891442
29884685
29879072
29866811
29866231
29862872
29808926
29800615
29796726
29795431
29793825
29791053
29784638
29776986
29761621
29748436
29745886
29741513
29734070
29728434
29727699
29724146
29715157
29713873
29713748
29713554
29708808
29699840
29685167
29683036
29676359
29671953
29667765
29665937
29665657
29654267
29651917
29650953
29650801
29631428
29622658
29618692
29617043
29616317
29611379
29597187
29596070
29587671
29587261
29575945
29574002
29572380
29570794
29569103
29568096
29568091
29567096
29565699
29562644
29562468
29560522
29557917
29544547
29538005
29535431
29534592
29532161
29522138
29522105
29520559
29519804
29516749
29515114
29508552
29504105
29498109
29480036
29472717
29468276
29467191
29464483
29455235
29455233
29428448
29427319
29426921
29415577
29407589
29407586
29400094
29397859
29396714
29388258
29383224
29382747
29377227
29372410
29368941
29359870
29359451
29350635
29350220
29340760
29335406
29330482
29327708
29327469
29323541
29321413
29317181
29308562
29307587
29306106
29293383
29293122
29282219
29279488
29279479
29277359
29275120
29275119
29274140
29274091
29265333
29265180
29263442
29263312
29262908
29256926
29254200
29251529
29249804
29247535
29242616
29235894
29233975
29228564
29226763
29226426
29224367
29222297
29218307
29217781
29217700
29203554
29192651
29189896
29180875
29171022
29164670
29147753
29145319
29143068
29134817
29128551
29121538
29115418
29107666
29101828
29100304
29098608
29096334
29089644
29086702
29085634
29079600
29078922
29076129
29075489
29074591
29048104
29047144
29040257
29037318
29034885
29025719
29024842
29022420
29022201
29020927
28991281
28990497
28986762
28984775
28976809
28970999
28970176
28966666
28963081
28962635
28961315
28949941
28948521
28948496
28948488
28948454
28946149
28935991
28934680
28933777
28930494
28916395
28914569
28906207
28906093
28895103
28869184
28866671
28843161
28832353
28828906
28824063
28823272
28821362
28819279
28809641
28808761
28799436
28798246
28796569
28794969
28794380
28792253
28791654
28791626
28789461
28782256
28781273
28781268
28778261
28775247
28770949
28766534
28760302
28754985
28745329
28737134
28731851
28728747
28721333
28715625
28714945
28711573
28710830
28700486
28699671
28690072
28688466
28685840
28681787
28680586
28679989
28677834
28676668
28674362
28674026
28673392
28673391
28669446
28667351
28660085
28653329
28646676
28641646
28637665
28636862
28628689
28622624
28622623
28622305
28615140
28606598
28603913
28602585
28601551
28592432
28589759
28589431
28589084
28585070
28584963
28582594
28580853
28575684
28571780
28571503
28568842
28566426
28564565
28562151
28561069
28556955
28550306
28544906
28543356
28533647
28529309
28518284
28518222
28512865
28509339
28504024
28502479
28502030
28500170
28499938
28484156
28481328
28478151
28476489
28473624
28468103
28468090
28464892
28461756
28457748
28453180
28441920
28438390
28436280
28430173
28424250
28423484
28422716
28420931
28419426
28419183
28415571
28410914
28406068
28405618
28402197
28398274
28395559
28393599
28392721
28389907
28389256
28386106
28381690
28370306
28360204
28351937
28340692
28338652
28336242
28335073
28332891
28324773
28318026
28314843
28303283
28295973
28294327
28282034
28278711
28273188
28273187
28264600
28263921
28261298
28260257
28260027
28259826
28247057
28246554
28245393
28243106
28240607
28239786
28237966
28237691
28232469
28228106
28220932
28220930
28219223
28218607
28211153
28205192
28198461
28197723
28188131
28185911
28167129
28164603
28161773
28159675
28157679
28157219
28153839
28144498
28143941
28135567
28135282
28132789
28119224
28113109
28109034
28105358
28098757
28086927
28072602
28065224
28043820
28040786
30695513
28031530
28031182
28028559
28028029
28028027
28028026
28027687
28027559
28025866
28011890
28009442
28008177
27997717
27991718
27983880
27966016
27956546
27956543
27956542
27956541
27942921
27935577
27932792
27931243
27930945
27930645
27929554
27924369
27917774
27913528
27913527
27913526
27911124
29296803
27892678
27889820
27885272
27883206
27882812
27874969
27870387
27866579
27858230
27855592
27853082
27834941
27832516
27830539
27819036
27813534
27808416
27807369
27699446
27595148
27801320
27801315
27756180
27662011
27796499
27789678
27667010
27785927
27447873
27777168
27677740
27774990
27774824
27774822
27774820
27773929
27768091
27764253
27761702
27479013
27756071
27752371
27598824
27740634
27739437
27734802
27730343
27729820
27727468
27725592
27721370
27716743
27716741
27715070
27706633
27701770
27699575
27693837
27690182
27686378
27686171
27686170
27683414
27672139
27667294
27658355
27634203
27628559
27623285
27614232
27598581
27596351
27596130
27594918
27592389
27592020
27588041
27587385
27582015
27579896
27570091
27567907
27562925
27550486
27539616
27539614
27538006
27535857
27531678
27526305
27522703
27521865
27521306
27521149
27519934
27518041
27510853
27504244
27496034
27494969
27487103
27486987
27484033
27481130
27480990
27480090
27479177
27477402
27468853
27463690
27449473
27444979
28903325
27434541
27432009
27429532
27427771
27416333
27416326
27411541
27408371
27408370
27407159
27407158
27407157
27403772
27402956
27401951
27401345
27384487
27381374
27379807
27376361
27373368
27365140
27358897
27354406
27354022
27352261
27349913
27344680
27342701
27342623
27341755
27341078
27335198
27334946
27331581
27325105
27315113
27304059
27293069
27291991
27288747
27286670
27285854
27282563
27281335
27267287
27264006
27263544
27260366
27259987
27252806
27252511
27249739
27247324
27235173
27232929
27230931
27214077
27213817
27213182
27211272
27209535
27197653
27196445
27189016
27187785
27185380
27181237
27167495
27165477
27164529
27161873
27154067
27152843
27143923
27134742
27125203
27124925
27114459
27113251
27111338
27106700
27106071
27102499
27102067
27094255
27094252
27088376
27081176
27081096
27077777
27074203
27070130
27067982
27061303
27059877
27058230
27048338
27039813
27038682
27037840
27033437
27031718
28718562
27025789
27021303
27020510
27017614
27014989
27013444
26994960
26992956
26978616
26975864
26975727
26970380
26965919
26961933
26946772
26944254
26943702
26936507
26935633
26935576
26933174
26916563
26914980
26898077
26891375
26887425
26885416
26878663
26876249
26870357
26864533
26852656
26843622
26841017
26836259
26835366
26832847
26826764
26823993
26800433
26791378
26789901
26777583
26771972
26768689
26750731
26745128
26743907
26726940
26718907
31042515
26717494
26714837
26710883
26709404
26708900
26708839
26708685
26699178
26697989
26695916
26694466
26688487
26677499
26668680
26662404
26659587
28856190
26650840
26648193
26640324
26637784
26637741
26637740
26627466
26625816
26617890
26609329
26608331
26607795
26604428
26600770
26596525
26592973
26591157
26589910
26573090
26572646
26571440
26569516
26569382
26566925
26565403
26552452
26547506
26543328
26538833
26538823
26538820
26537421
26526986
26525644
26524072
26524049
26523379
26522763
26507357
26507218
26493563
26492355
26491227
26489695
26487696
26484208
26473532
26468945
26463040
26462769
26460258
26460248
26458438
26456259
26453238
26449764
26449662
26439305
26432919
26431835
26423830
26422250
26422082
26419289
26416067
26411598
26409613
26408680
26408371
26404004
26402369
26389774
26377619
26377485
26375990
26371371
26370832
26370613
26368319
26367195
26366688
26362408
26361084
26358171
26357842
26356819
26346984
26345551
26343888
26336886
26332552
26332545
26331329
26316489
26312921
26308187
26306065
26304912
26303809
26297276
26294037
26293647
26292161
26285891
26283544
26277615
26276681
26275051
26271725
26252788
26251152
26247172
26237165
26232031
26228487
26227853
26225146
26214139
26214121
26204697
26202929
26202608
26189968
26185644
26185305
26183878
26183534
26182311
26181658
26181358
26178353
26178352
26178351
26178350
26177884
26176817
26171043
26163633
26153565
26153237
26130950
26124496
26123310
26122869
26119186
26118701
26117054
26116595
26113113
26110883
26103894
26097612
26093937
26088933
26088928
26082670
26082334
26069290
26045874
26040188
26036168
26034055
26027540
26022238
26012362
25997466
25993201
25990328
25984660
25976962
25968903
25967091
25967090
25959795
25959311
25951317
25944376
25940987
25939704
25936872
25934766
25926062
25922307
25916291
25915176
25914740
25913509
25906101
25900789
25899468
25893311
25892100
25885405
25885131
25882928
25873496
25873492
25870379
25860512
25860380
25860240
25856937
25854460
25840747
25840625
25840601
25838277
25832652
25828967
25828084
25825163
25824940
25824741
25810569
25808231
25808090
25804771
25801912
25801698
25793623
25785156
25784679
25768401
25765794
25762180
25757677
25753891
25753327
25746303
25745964
25745963
25736096
25736004
25729726
25724578
25719551
25707420
25703685
25702680
25696867
25687833
25687088
25686645
25682576
25676036
25674874
25665047
25657500
25650864
25644746
25643819
25641433
25638222
25637834
25637689
25636356
25635756
25635755
25633515
25630751
25624900
25617626
25616577
25615281
25611051
25603510
25601337
25601187
25594570
25586607
25584101
25583084
25577488
25575540
25572172
25563429
25559461
25557358
25553276
27358872
27239389
27069753
25544863
25530567
25528320
25526816
25526003
25522845
25521305
25520049
25519030
25517484
25515354
25511866
25504846
25503671
25501025
25498506
25486953
25486952
25482134
25472969
25469485
25466670
25465234
25461253
25458892
25447704
25441453
25421114
25417875
25417831
25416277
25407111
25404526
25395421
25389097
25386351
25380026
25377558
25371084
25349114
25339331
25332620
25323779
25323682
25322686
25315076
25314776
25305205
25305163
25305159
25305095
25302988
25301336
25299424
25297748
25297747
25294373
25286750
25282037
25270596
25262210
25259626
25258341
25256963
25252872
25252869
25237993
25236537
25232060
25231745
25217891
25213182
25212275
25206301
25196073
27522775
25193869
25191727
25190754
25189730
25189729
25189728
25189727
25189726
25189725
25189724
25189722
25182689
25176567
25172457
25171702
25152115
25151955
25149709
25148222
25145552
25144224
25143485
25132428
25131182
25126575
25124313
25120015
25118770
25118752
25116092
25112775
25103330
25097177
25096696
25093380
25089599
25088655
25082860
25082530
25082025
25073660
25068507
25060974
25060252
25047979
25045617
25043171
25039361
25037629
25034748
25031306
25027569
25023898
25016180
25015940
25015152
25015052
24997152
24986690
24982459
24980764
24978138
24971669
24971434
24963042
24961987
24959339
24958831
24957246
24952663
24951423
24946719
24944994
24931396
24917509
24913500
24912157
24907356
24897074
24896661
24895336
24893800
24891492
24890946
24888274
24888252
24874539
24869939
24867113
24862179
24859480
24858412
24857517
24856675
24849893
24848612
24843243
24818035
24811089
24810671
24801017
24800303
24795056
24787989
24786775
24766471
24762543
24761381
24756798
24754420
24749731
24746271
24716650
24711513
24707949
24697128
24694497
24689875
24681931
24681745
24680977
24671800
24666578
24652960
24645956
24645955
24640177
24636526
24633869
24627006
24625550
24618731
24617727
24611775
24603752
24598114
24589549
24589536
24583557
24582783
24574233
24569778
24569777
24553179
24553173
24549259
24524231
24524202
24511651
24509745
24509338
24504025
24500865
24496303
24492037
24488561
24480985
24475114
24474573
24463275
24463212
24458835
24458439
24457415
24454890
24452152
24444869
24443442
24441292
24440106
24429645
24425692
24425686
24419425
24419350
24413068
24406841
24406018
24403262
24402162
24389309
24385771
24385747
24385746
24382738
24378706
24374145
24372927
24366362
24366192
24365372
24362471
24360614
24359246
24355079
24354678
24351780
24345056
24341401
24337516
24333662
24325359
24325357
24325356
24319230
24315514
24315414
24309205
24307957
24307514
24305541
24290217
24267952
24300731
24296392
24292520
24288410
24284333
24283870
24283202
24282446
24280934
24273107
24270391
24262286
24252238
24241126
24238036
24196613
24220620
24201159
24201120
24192103
24191050
24190690
24176039
24175353
24174625
24173089
24173087
24164830
24161923
24159391
24152662
24150215
24149913
24147083
24146204
24145312
24137967
24131352
24116232
24105355
24102929
24101258
24097336
24091929
24091831
24084971
24084459
24083419
24081976
24080022
24069563
24068492
24067929
24064843
24056820
24038026
24032343
24012363
24011697
24011025
24010694
23996481
23996471
23996108
23994117
25755508
23990704
23985569
23977769
23977768
23977767
23970983
23966743
23963861
23932394
23929216
23918763
23911705
23899072
23890523
23880262
23877876
23872309
23865766
23863895
23850243
23848933
23847190
23846384
23845539
23841743
23838352
23838005
23829281
23828261
23827351
23826582
23823316
23812932
23812199
23808749
23801141
23801135
23800601
23799525
23798379
23796787
23789757
23788021
23787440
23781511
23781354
23772772
23772694
23768070
23751441
23751388
23748876
23748344
23739260
23738347
23733509
23726413
23716560
23716550
23715708
23704469
23701016
23694793
23693053
23684482
23682558
23681871
23677817
23676646
23672414
23672349
23670178
23668666
23666689
23662317
23660863
23660629
23648912
23648813
23647081
23647061
23644853
23640627
23633193
23628022
23619563
23619118
23618686
23610611
23604229
23601811
23599270
23590694
23589800
23575445
23573823
23571153
23570800
23570380
23568162
23566626
23558523
23558521
23557850
23555782
23553621
23551840
23548970
23547833
23542632
23536018
23530558
23514013
23511496
23498669
23494965
23490491
23480528
23469399
23467025
23462118
23460118
23459451
23457135
23454563
23450619
23445878
23445613
27757148
23432162
23430670
23423815
23423753
23415223
23415024
23403314
23398206
23393944
23391717
23391678
23391517
23389763
23386690
23385614
23382981
23381973
23373780
23372034
23359764
23354094
23349007
23343777
23343175
23330839
23320001
23317159
23315161
23314844
23307973
23307549
23302045
23297524
23297051
23288640
27489629
23259918
23259545
23259436
23245211
23238141
23237864
23233636
23233635
23233634
23233154
23227377
23222384
23216616
23216593
23213945
23209034
23201967
23188718
23186315
23174192
23133975
23130336
23129323
23121011
23117267
23117264
23116358
23110685
23107469
23101255
23094849
23094577
23085694
23085693
23042420
23066032
23065476
23065009
23061804
23054643
23054641
23051187
23049405
23049404
23039051
23037732
23037731
23037584
23025751
23023734
23023702
23019204
23018876
23009940
22999527
22993897
22990042
22988798
22983925
22983101
22978565
22968464
22965887
22955913
22953080
22944622
22942572
22941306
22924455
22917768
22916261
22909192
22906243
22897007
22897001
22896993
22881475
22880233
22879541
22877729
22873195
22852872
22851873
22847163
22830345
22829077
22826273
22818858
22817632
22811796
22802311
22796518
22796437
22793267
22781796
22780211
22779428
22778319
22771513
22767499
22762031
22760793
22746348
24058768
22743278
22740446
22733026
22730513
22722458
22722046
22718840
22715563
22706852
22704337
22700720
22700718
22696908
22687787
22682625
22642280
22668122
22659388
22658480
22651893
22641623
22641564
22627765
22627739
22627572
22621635
22621634
22621633
22612514
22611155
22592526
22586045
22583424
22575188
22573503
22565657
22565617
22553128
22550963
22544377
22536419
22531490
22524513
22507800
22511494
22499049
22492288
22491742
22475363
22474318
22469651
22463737
22463701
22460726
22460584
22449034
22445939
22424943
22412053
22407059
22402352
22362131
22389089
22388763
22386731
22385894
25992203
22383744
22383244
22375977
22375971
22375970
22374528
22372922
22364960
22351929
22339923
22339435
22339244
22331938
22329535
22324959
22318201
22317844
22313965
22304488
22303899
22303605
22300941
22293561
22289985
22285996
22280409
22279053
22262778
22252617
22252311
22251709
22250648
22246154
22246040
22238916
22237692
22235891
22234693
22234689
22234678
22231071
22212965
24451773
22200991
22180010
22170483
22169324
22160042
22160038
22156358
22155108
22149429
22146225
22144185
22138707
22110671
22098404
22086865
22086864
22084697
22084670
22081489
22081434
22077528
22075805
22072485
22069235
22065597
22064353
22035746
22035744
22058215
22052707
22051730
22041374
22041356
22039845
22034658
22032613
22018018
22011365
22009011
22006129
22005786
21995409
21993415
21986846
21980629
21978702
21972209
21963742
21953617
21953568
21938445
21926959
21923651
21922527
21921040
21919691
21917685
21913314
21912394
21912393
21904853
21902682
21894472
21892083
21887928
21887923
21883029
21881047
21877149
21870730
21867645
21867641
21867614
21841770
21832269
21827980
21823028
21806350
23556090
21766300
21763078
21752469
21750088
21749449
21747083
21742281
21725052
21719607
21712540
21708889
21704371
21699526
21698292
21691276
21691275
21682106
21674579
21674576
21665949
21654720
21653937
21651445
21622644
21620988
21617547
21604762
21599574
21576471
21555228
21552298
21537037
21531978
22829155
21521147
21519343
21518929
21518505
21513979
21508125
21496873
21492125
21487043
21480207
21474922
21470677
21463659
21457082
21455215
21453314
21450904
21447832
21447007
21442639
21442636
21429395
21429385
21427529
21421540
21416861
21415853
21393891
21389325
21380930
21362419
21362261
21358677
21338284
21323890
21311203
21300928
21296418
21282718
23556072
21255004
21247487
21245760
21239780
21228032
21224796
21220608
21220604
21217153
21212285
21211419
21205761
21200024
21193428
23471017
23049357
23049351
23049320
22687670
21188553
21188113
21162885
21158663
21157140
21153775
21151606
21150243
21149668
21143149
21138888
21134837
21133885
21132732
21127942
21120162
21108328
21106990
21105128
21095048
21091042
21082983
21080242
21079613
21062242
21059102
21052089
21051030
21046885
21045235
21042309
21035235
21034166
21030572
20978717
20971823
20969708
20966892
20962476
20956878
20949707
20949696
20948870
20947690
20944670
20944070
20934482
20922795
20922526
20890908
20888389
20886427
20884719
20884708
20882434
20859081
20858855
20852385
20843255
20843246
20838657
20832575
20818318
20818271
20801055
20799357
20739725
20739724
20724988
20719940
20709666
20709665
20701970
20700988
20699254
20697095
20692135
20687104
20684988
20681462
20671051
20670165
20664061
20661915
20655867
20655587
20655352
20651074
20650599
20650526
20639619
20631743
20627294
20625903
20621600
20618333
20615740
20609348
20601445
20587663
20585391
20571018
20569739
20567824
20560970
20560961
20560681
20554971
20546341
20540156
20538336
20534957
20534952
20534696
20528738
20520633
20516451
20514856
20513531
20508616
20506062
20489052
20472827
20458749
20445328
20445018
20439618
20430444
20428846
20428194
20425397
20425392
20422415
20410924
20388788
20379465
20371117
20360476
20354212
20352017
20339092
20331763
20331734
20329445
20308601
20235305
20235031
20231614
20216545
20215535
20214447
20205617
20199191
20197548
20194236
20191332
20186505
20178012
20170959
20160166
20154739
20154501
20154217
20151976
20130243
20122729
20113830
20113333
20104733
20095057
20093412
20093242
20087176
20076959
20072836
20068225
20062088
20052748
20049166
20042850
21686205
21516739
21415968
20030962
20029953
20029947
20024550
20024549
20010865
20009439
20008785
20008300
20008298
20008249
20008247
20008195
20007816
20005966
20002760
20002154
20001298
19996410
19995392
19968089
19965680
19963128
27265637
19956003
19955247
19950698
19936343
19930182
19906384
19901264
19895568
19887774
19887489
19879949
19866530
19860605
19860187
19860179
19858378
19854325
19847199
19846444
19844986
19843719
19812383
19811223
19806146
19786661
19786111
19785025
19778862
19778861
19768668
19754924
19752087
19748119
19737657
19734947
27265498
19728024
19720904
19718055
19713696
19713221
19710703
19708581
19696238
19692701
19688988
19674818
19672431
19669186
19659869
19657484
19652059
19636672
19629639
19626050
19617796
19616600
19615425
19608683
19606491
19604240
19604233
19584324
19580432
19575492
19573914
19570047
19564637
19558507
19557769
19552608
19549988
19549278
19548126
19545286
19522842
19521323
19521067
19393837
19501533
19500139
19500065
19491072
19489438
19482354
19472396
19468277
19468275
19466975
19450878
19447617
19446748
19446406
19445582
19444446
19443981
19442200
19440212
19421140
19413997
19404820
19396855
19396155
19389927
19387466
19372714
19369682
19366369
19364963
19361702
19352088
19332765
19330224
19329711
19328546
19245933
19302963
19299003
19287384
19287382
19287132
19277425
19277418
19274616
19262601
19261614
19253208
19252807
19250674
19250672
19241452
19236446
19234505
19229047
19228938
19182662
19225535
19215287
19208420
19202955
19202548
19194467
19181785
19179475
19175693
19147089
19167611
19141119
19133981
19131547
19123461
20948725
20425436
20425435
20425434
19080367
19075958
19074063
19074062
19074061
19052980
19052966
19052692
19039208
19039200
19036019
19030859
19029148
19029146
19018861
19016918
19002391
18988864
18987883
18981638
18980175
18972067
18959053
18956213
18947294
18937974
18850308
18847543
18841497
18838203
18833926
18833828
18607123
18827475
18827262
18815196
18790799
18786436
18783136
18779404
18769448
18766976
18754034
18754027
18754026
18728030
18727711
18723266
18723264
18720212
18710807
18705835
18701162
18700647
18700127
18695662
18685610
18679016
18669880
18669872
18660841
18641018
18634297
18632420
18632152
18629653
18628074
18619646
18618714
18616873
18612101
18603557
18575863
18575049
18566540
18565291
18559612
18548249
18547974
18538839
18538711
18528425
18528423
18515659
18514038
18511598
18509350
18508796
18508790
18508162
18504767
18504583
18498424
18496562
18492097
18484677
18465194
18464114
18460649
18455791
18454467
18452096
18451307
18451306
18448166
18441161
18429051
18409492
18404742
18401028
18399275
18399175
18394406
18385755
18385750
18383323
18376280
18349123
18342925
18342720
18341837
18334677
18331600
18328950
18326313
18324970
18321790
18319534
18314608
18305559
18300758
18297515
18283781
18281863
18275895
18266568
18266209
18261418
18253962
18241918
18224414
18216871
18206727
18203513
18200037
18192008
18190471
18190422
18188572
18187660
18185525
18181682
18165278
18162730
18160817
18160670
18098075
18097609
18094715
18089387
18088495
18088399
18073460
18072652
18063537
18056003
18050976
18045316
18038138
18033321
18033315
18032975
18032973
18029552
18028479
18024652
18024651
18024650
18021277
18019426
18018385
18006699
17990901
17988303
17981220
17976926
17976523
17976522
17976519
17963181
17961178
17943174
17928887
17920755
17916988
17916755
17910625
17910624
17907502
17906464
17899363
17899078
17889703
17886102
17885079
17882283
17882280
17875526
17870158
17854891
17854308
17852452
17852451
17851555
17849460
17805334
17802728
17764815
17764424
17762725
17760813
17728787
17727559
17721432
17714768
17712047
17710794
17709604
17706283
17703838
17695308
17694960
17682432
17682431
17682427
17682423
17673813
17655698
17643100
17638078
17635691
17633103
17629554
17625603
17617787
17616702
17613042
17605885
17587881
17587880
17587879
17587878
17587877
17581614
17581608
17571217
17565328
17560285
17541402
17540852
19707323
17530700
17519959
17507998
17493890
17493353
17488875
17488682
17488678
17483079
17476275
17475191
17473062
17460705
17449802
17443223
17442379
17440677
17429425
17419743
17408465
17408398
17408106
17407134
17405759
17405746
17402211
17397921
17391310
17391307
17383090
17376889
17374740
17367853
17361221
17351342
17350297
17344912
17344140
17328948
17317589
17317588
17313377
17312082
17303238
17301514
17296581
17290346
17284371
17278781
20425386
20425385
17262192
17230228
17230224
17214283
17213018
17210175
17198875
17195922
17194659
17189232
17189221
17183644
17178662
17171694
17162404
17162218
17162210
17159338
17157157
17156406
17145024
17134026
17133423
17124067
17122866
17117079
17115434
17114666
17109152
17107350
17107281
17105490
17103442
17099874
17085309
17082007
17077140
17065012
17064987
17064976
17055049
17040445
17039230
17032592
17032591
17018857
17018393
17013462
17013423
17006961
17006275
16990584
16977587
16972981
16966283
16960867
16960127
16959246
16955822
16954506
16951397
16949922
16926298
16924638
16924066
16923580
16923114
16919893
16901657
16901656
16900998
16896569
16891200
16885042
16879031
16879016
16879014
16877349
16871275
16862981
16855504
16834459
16810612
16810611
16810609
16792920
16791927
16789597
16787877
16785132
16781486
16781484
16781481
16781480
16770787
16761746
16758657
16755562
16740139
16738896
16734042
16728367
16711648
16709799
16698708
16680747
16675707
16673126
16670266
16670082
16642932
16630220
16620972
16617316
16617315
16609064
16583431
16572200
16568439
16563504
16554863
16540257
16532437
16531268
16529010
16502590
16490605
16478879
16477581
16474408
16461764
16456374
16456372
16444966
16442192
16440782
16440779
16440776
16434490
16432861
16427561
16424657
16421727
16418333
16405662
16403285
16396767
16396760
16396759
16381356
16371046
16369987
16369977
16364771
16357566
16344424
16334205
16329554
16325696
16321864
16321815
16313267
16307541
16307011
16293880
16293597
16288807
16256396
16247429
16239910
16225651
16220296
16215320
16213767
16210040
16210038
16202688
16202687
16202686
16202685
16202684
16202683
16202682
16202681
16202680
16201732
16197451
16197378
16192494
16189676
16186683
16184577
16181389
16175953
16172450
16172397
16166999
16166839
16164981
16163223
16155931
16132902
16127162
16126889
16123215
16119986
16118625
16110028
16109602
16104450
16104040
16102044
16079113
16054691
16044457
16037387
16034467
16029451
16029444
16028855
16019549
16019508
16019489
16001511
16000360
16000354
15994287
15991073
15982347
15982337
15978949
15971197
15953003
15949290
15947001
15944939
15938597
15927672
15927665
15923697
15916308
15916267
15902283
15899773
15891565
15883292
15867421
15865876
15858187
15849170
15842653
15838389
15837627
15837617
15833861
15817100
15803315
15802893
15801957
15781101
15755503
15754534
15736066
15726648
15725091
15725078
15713582
15710258
15705794
15693801
15682076
15676151
15671439
15665119
15658450
15654901
15648462
15645853
15642683
15642403
15641221
15632209
15628917
15621750
15613106
15613104
15609290
15606548
15605767
15590395
15585978
15580341
15579916
15578075
15565565
15561681
15559729
15531899
15521916
15510207
15504545
15493572
15491303
15483483
15481449
15477214
15471948
15454487
15389913
15388582
15387702
15381377
15375769
15361842
15354205
15350308
15347319
15335177
15333669
15327530
15305985
15303545
15292068
15290675
15287920
15284854
15279663
15272276
15257729
15257414
15245516
15244400
15244384
15244380
15242004
15241831
15241628
15239404
15234576
15230236
15225097
15223649
15222122
15217713
15203871
15190520
15190517
15190275
15186279
15173958
15170157
15167919
15167356
15163238
15160962
15160939
15160919
15160918
15136247
15136214
15128419
15125608
15125474
15107873
15102971
15095485
15089760
15086300
15065615
15060752
15059078
14990806
15052531
15048141
15048058
15039919
15036947
15035057
15034237
15032079
15031814
15018396
15004661
14991065
14984490
14962811
14962263
14962255
14871248
14752066
14707708
14702192
14701686
14675402
14671623
14667203
14636273
14635203
14629130
14607748
14603445
14587044
14586515
14584114
14578104
14574461
14565665
14565648
14564478
14560783
14560778
14559959
14555308
14531481
14528107
14518186
14513050
14504092
13677271
12974718
12953130
12950237
12949887
12937905
12920019
12910373
12901349
12901348
12901345
12901343
12901141
12900353
12897334
12894852
12893021
12890160
12888313
12886259
12884816
12868237
12857054
12857040
12854908
12854892
12853691
12842707
12815476
12803124
12802934
12801538
12788793
12773744
12769351
12767088
12764352
12750696
12734672
12734478
12733122
12732101
12714892
12714825
12706407
12704692
12702943
12701122
12689941
12688359
12688329
12682880
12682877
12682874
12670334
12656751
12651287
12648509
12645649
12634946
12633964
12613516
12590950
12582448
12580961
12577674
12573345
12560400
12555209
12551821
12533050
12525390
12520711
12517815
12510398
12508261
12507288
12506018
12496715
12492977
12489498
12487786
12486326
12486316
12483369
12482341
12479847
12463599
12462028
12462027
12437657
12437648
12436302
12436296
12431662
12430941
12430896
12422482
12412736
12411300
12411064
12406879
12395786
12393681
12393504
12389633
12385054
12377417
12373905
12373082
12365470
12351405
12270061
12224003
12223949
12215011
12210809
12207793
12200671
12187033
12182009
12181050
12181046
12180484
12171772
12153156
12149188
12149182
12148883
12139391
12132529
12113051
12111781
12100123
12096716
12095150
12089730
12074218
12072012
12071939
12071934
12071933
12068799
12060113
12043694
12043202
12032901
12024319
12010832
12008090
12002780
12002777
11999361
11986248
11979318
11978939
11976824
11972521
11972510
11963240
11962756
11940483
11928616
11921022
11918562
11907788
11899923
11899135
11899034
11891801
11887576
11886392
11882464
11877308
11877307
11870560
11870257
11863080
11849214
11849213
11843900
11841424
11834260
11815715
11798509
11780552
11766643
11760853
11756197
11743611
11737254
11721970
11719361
11713378
11703327
11703326
11701535
11697645
11697640
11678206
11605570
11603187
11588060
11583029
11579502
11576908
11561866
11559942
11552991
11532514
11531815
11524272
11524257
11488067
11472354
11472348
11468154
11454545
11454539
11426569
11422412
11417486
11408494
11391725
27264065
11380468
11380400
11379260
11372731
11372672
11369668
11350491
11344482
11342427
11342352
11342325
11330433
11325659
11320901
11317963
11317961
11317960
11304681
11300336
11298612
11298562
11297961
11293952
11286221
11279314
11279313
11279303
11273327
11273121
11263440
11261329
11260078
11248333
11237072
11236794
11235904
11232905
11224705
11212764
11201150
11186278
11186174
11185990
11183356
11208392
11168674
11168506
11167703
11166462
27419879
11131927
11131355
11126793
11109656
11074635
11073167
11071630
11064463
11064460
11042556
11042524
11035377
11032432
11023109
11014898
11012743
11012190
11012187
11010281
10997958
10996831
10986148
10983698
10980637
10979803
10979802
10971393
10967565
10966169
10945038
10942376
10938591
10925316
10923234
10906829
10884800
10880370
10870484
10870115
10862028
10849524
10848842
10839667
10830186
10817899
10804000
10803930
10800180
10781683
10781623
10774249
10778544
10733489
10726046
10723241
10706468
10698429
10691877
10689900
10675463
10674901
10673685
10663667
10663664
10651725
10648678
10649720
10647876
10645065
10640216
10640215
10640214
10632487
10629600
10629582
10599207
10585333
10581796
10576501
10574617
10568439
10563755
10561375
10557047
10550553
10543329
10527268
10524447
10522557
10515246
10505720
10504523
10499855
10497847
10496039
10487412
10486086
10477461
10468856
10460376
10422448
10413910
10407586
10405485
10405482
10400184
10396290
10392037
10390892
10383703
10378716
10354145
10331505
10233239
10233634
10221509
10217573
10216077
10199442
10198625
10192432
10189205
10089892
10089020
10086797
10086747
10079679
10067093
10050730
10029810
10028851
9949632
9930550
9929105
9885435
9869209
9868417
9864929
9864154
9827926
9824887
9796442
9795269
9787320
9785983
9775098
9766805
9766798
9764179
9763598
9747248
9747171
9740997
9741242
9740087
9735688
9728808
9723582
9722294
9718944
9718875
9718867
9718866
9716018
9715539
9699497
9695987
9694500
9686507
9686500
9685166
9680115
9673037
9670837
9654161
9652906
9643577
9641195
9640289
9639413
9637273
9573039
9572998
9628442
9626028
9625133
9614909
9614574
9610040
9594879
9592015
9577584
9553616
9551904
9551645
9536909
9508350
9494620
9488952
9488642
9486917
9481452
9475823
9467025
9466280
9460572
9455681
9431398
9432016
9444932
9444866
9442954
9440627
9433381
9423820
9423812
9424749
9410664
9409109
9375753
9401078
9393608
9369414
9368484
9359522
9351112
9327085
9326205
9326204
9331236
9298313
9264354
9339186
9286142
9283243
9247444
9322904
9299871
9299865
9299862
9288697
9260054
9246604
9240843
9233570
9215473
9250807
9207412
9207394
9297056
9194391
9169649
9163612
9163611
9129461
9186536
9168438
9156253
9116275
9109946
9104992
9092696
9058747
9176580
9111171
9055722
9312731
9154316
9112429
9086437
9071816
9065578
9034289
9387199
9295875
9263350
9210913
9198107
9175029
9172997
9158672
9158665
9158664
9107102
9095214
9066708
9028157
9005897
8977245
9028525
8948661
9132967
8933516
8922844
8895745
9019197
9011420
8975464
8923777
8913726
8892748
8853064
8839864
8999381
8951788
8951785
8951781
8951780
8951769
8882966
8866322
8827883
8780742
8704209
8695786
8819080
8779784
8704195
8652813
8831015
9019443
8803603
8792310
8755211
8703817
8652386
8638637
8625788
9172805
8914360
8846142
8738590
8707964
8639435
8638610
8912088
8722682
8722351
8680548
8617486
8611464
8602641
9118605
8727352
8727350
8727347
8675743
8708671
9042664
8900854
8833994
8830161
8745825
8730443
8701705
8638441
8629448
8616783
8571944
8541560
8850231
8750621
8750263
8589367
7492757
7490917
10159510
8772871
8691569
8590852
8555071
8563086
8531394
8531337
8531333
8527391
7589339
7559024
7555137
8575594
8574158
8566885
7655033
7548334
7490324
7639282
7638633
7638632
7638630
7563614
8535188
8532392
7637395
7632819
7630233
7615047
7590498
7581121
7569290
7563600
10155181
7756654
7632809
7741102
7722028
7599291
7769875
8580808
7784946
7783340
7723278
8531653
7761358
7754131
7542579
7536475
7889509
7847335
7847311
7715085
7703476
7655961
7567177
7532845
8610483
8538939
7886017
7886016
7886013
7886012
7833273
7727840
7695889
7644355
7574922
7484021
7874807
7872051
7871986
7853774
7808738
7996922
7823400
7819070
7813708
7955840
7892130
7521370
21607466
8089334
8086511
7858493
7803262
7803229
8065164
8059794
8037184
7986736
7974029
7960275
7808970
8192153
8192152
8089231
8020309
7993786
8205891
8192010
8188873
8172187
8078193
7920225
7916843
8187622
8190037
8060819
8027402
7972898
8059291
8036142
8036135
8033011
8028182
8028181
8003563
7918092
8182985
8131005
8043453
8043450
8039350
8011874
8007270
8170220
8309247
8308481
8299083
8199034
8199029
8199019
8141131
8141122
8139112
7911034
7511182
8286747
15378946
8289462
8209609
8171940
8165032
8165030
8155190
8029087
8011542
7985123
7977486
7890265
7871959
7833895
7769374
7522384
7515755
8121914
8310673
8014952
7512853
8227393
8175031
8136287
8231385
8297273
8287760
8261806
7506567
8230748
8106067
7688180
8326977
8411651
8312669
8235941
7689130
8353806
8339449
8315451
8300166
8235705
8220140
8079482
8498251
8342549
8342546
8253600
8211555
8116295
8504717
8337216
8518342
8329837
8317461
8494001
8475918
8388806
8388271
8093117
7686030
8485043
8479085
8472598
8471527
8449115
8348078
8321741
7681854
8516217
8511031
8448244
8432180
8426474
8417383
8503249
8503241
8486340
8436214
8435338
8435333
8435322
8432891
8413771
8400333
8362609
8355412
8348775
8285020
8260191
8210938
8210932
8157206
8119627
8099457
8062671
7904516
1482667
1479698
1479694
1466364
1423196
1363649
1469787
1442851
1292220
1289189
1419834
1299229
1293779
1434997
1493471
1483596
1483589
1483587
1419800
1419799
1308038
1643772
1636666
1521239
1493450
1404171
1379315
1356414
1630396
1638836
1638481
1633045
1442951
1428146
1614699
1375844
1378668
1637884
1637881
1624590
1440100
1357014
1622728
1597522
1586642
1569685
1561331
1561327
1411190
1602618
1602613
1602611
1600416
1592101
1588794
1581880
1581246
1581222
1554625
1546720
1532802
1514403
1372840
1437804
1635179
1630424
1563190
1550786
1550781
1550774
1550104
1507820
1727979
1732672
1728318
1636247
1609507
1524353
1519432
1512522
1508592
1488870
1488868
1485254
1478014
1428963
1414159
1398280
1377927
1283783
1839551
1954375
1772790
1772789
1723130
1958751
1958747
1936815
1758057
1758056
1685670
1934845
1932298
1809489
1680495
1745085
1873777
1949974
1946136
1942535
1931775
1914406
1803051
1761899
1658497
1942532
1911363
1911359
1911350
1911338
1889485
2049740
1883746
1873957
1863017
1854612
1664079
1655462
1830657
2058026
12637972
2064955
2028865
1912760
1868657
1857143
1769495
1712222
1875112
2045499
2044723
2043466
2036643
2035742
1651540
1646231
1906116
1707589
2032911
2041201
2041165
2009512
2002687
1901495
1887177
1865591
1831296
1713877
2034872
2004030
2001283
2060260
2053821
2042444
2039859
2036630
2036622
2024552
1998600
1995204
1990258
1986577
1984676
1945824
1929569
1902615
1894585
1865580
1823971
1823968
1785678
1773587
1760520
1683056
1677228
2289867
2272176
2266403
2252428
2097015
2242424
2261948
2239880
2237564
2227815
2098307
2074975
2074971
2073090
2287586
2226741
2213106
2211267
2174987
2146144
2246832
2223635
2130579
2216813
2209820
2195869
1981237
2389239
2275869
2214192
2214180
2197729
2164540
2115694
2074054
2232945
2146451
2394364
2203982
2161182
2395215
2375922
2340677
2334265
2327406
2253954
2247683
2227630
2227619
2090245
2355780
2344883
2337683
2335415
2317767
2317561
2194299
1973205
2336046
2334648
2328790
2232372
2107731
2406300
2337645
2329683
2318985
2318300
2308336
2303588
2179909
2179214
1689101
1689100
2405601
2401164
2377449
2338034
2332985
2323648
2313911
2311600
2307218
2298360
2295770
2293759
2280601
2279538
2278639
2259222
2256386
2251548
2182429
2143744
2130212
2107631
2105570
2079860
1708573
1703119
1703118
2695663
2613918
2613917
2611149
2611145
2597774
2511382
2606418
2804368
2631646
2628238
2612860
2513870
2480027
2790756
2790685
2686247
2818951
2818944
2807197
2757014
2757009
2681093
2593246
2584415
2811498
2682061
2803973
2788028
2772794
2767619
2757005
2680238
2669997
2588952
2511115
2796252
2779694
2772780
2508264
2797253
16312860
2810795
2767243
2678344
2608913
2507422
2795903
2794661
2780431
2761845
2736307
2591999
2524966
2491562
2763484
2762283
2754689
2736239
2731594
2718954
2500146
2666765
2929585
2929411
2787864
2769970
2706324
2656291
2640542
2529429
2925932
2924887
2923095
2919621
2751268
2713806
2504973
2654737
2927059
2919633
2746875
2741651
2738653
2711282
2536807
2496279
2525990
27456408
2914600
2780450
2716194
2644968
2643598
2628415
2619501
2619217
2591977
2510437
2510069
2508395
2505469
2503923
2496563
2496560
2495880
2474228
3256166
3263841
3247818
3241898
3226365
3221945
3219290
3179950
3065324
2465316
3236415
3208874
3207634
3207625
3190384
3060251
3055953
2976850
3185421
3185420
3241079
3225594
3197824
3050294
2972599
2902258
3417240
3416078
3416075
3253181
3228914
3224984
3216515
3181398
3166389
3143642
3136332
3053525
3408684
3401588
3192052
3192051
3186544
3410485
3399713
3267102
3201891
3184485
3184483
3170148
3044436
2846914
3166503
3172909
3380314
3377269
3369774
3365685
3175820
3047820
2966669
3226982
3391836
3357232
3376991
2895290
2895289
3400674
3390286
3375471
3372115
3366226
3355903
3258473
3422554
3420330
3401991
3356246
3356244
3355902
3345085
3280663
3279751
3274039
3163063
2834859
2893159
3345826
3278929
3164490
3164424
2968753
3422039
3419896
3416579
3412864
3412746
3395409
3374975
3365931
3337052
3285425
3277085
3266754
3254121
3239709
3216790
3193813
3163405
3150698
3146200
3126625
3125672
3124458
2828815
2465250
2892080
3479228
3454638
3452659
3318340
2890008
2963171
3691762
3501618
3480461
3480241
3479003
3328799
3314470
3126118
3126116
3479860
3431043
3428138
3330337
3330336
3326675
3115331
2827335
3678474
3477851
3477850
3437580
3331217
3312074
3663514
3663505
3655281
3430749
3332168
3111565
3649746
3605072
3579508
2435399
3593656
3585394
3578339
3828970
3597090
3493936
3472774
3470122
3298059
3609955
3819139
3689638
3567092
3474154
3467836
3028539
3828239
3812539
3791175
3586362
3573409
3559105
3469230
3104488
3033156
3030390
3596376
3815454
3799581
3789571
3669778
3629489
3626614
3620024
3616885
3615196
3615194
3615193
3609915
3581718
3573372
3555970
3467372
3466667
3434154
3332874
3327895
3302942
3124431
3111093
3109833
3108094
2949773
3798068
3798067
3469494
3801318
3801317
3553645
3471029
3820629
3790450
3777001
3552351
3104159
3820616
3820611
3783800
3752065
3742462
3467108
3465364
2427184
3806976
3770427
3769733
3461914
3096838
3096830
2432670
3737191
3811363
3764341
2426823
2426078
3719517
3742482
3734203
3730287
3718142
3524658
3488250
3467945
3750449
3734827
3722421
3715001
3706291
3518834
3459966
3715283
3084505
3747168
3719847
3082901
3953560
3744501
3735695
3704667
3704666
3514962
2941576
3954970
3954534
3704557
3704555
3704553
3485053
3461180
3457024
3087832
3785064
2868178
3947548
3947546
3753878
3753850
3753669
3455679
2422734
3785010
3953312
3942696
3940550
3810416
3810195
3763507
3758840
3725786
3716574
3712782
3471009
3465089
3088887
3088885
3006224
3000243
2946491
4088526
4084455
3915407
3867868
3865532
4095373
4089533
3868427
3866420
3865372
3863998
3904103
4081639
4079668
4045892
4038098
3868413
4044880
4043259
4036981
3915351
3867215
3864233
4034049
3839778
4048868
3927969
3866548
2410068
4048862
4015992
4015283
4014072
3898534
3876215
3863978
3860004
2994233
3892201
4013357
4013356
4003431
3865001
3857944
3161448
2993695
3989965
4019124
3932153
3932152
3984946
3981331
3978228
2984361
2857858
3992193
3992191
3981812
3976644
3924784
3882139
3971322
3974930
4003013
3965109
3871960
3858568
3856312
3855650
3969539
4091048
4080540
4068750
4068749
4063464
4062380
4058079
4042563
4038430
4035529
3986679
3982370
3970633
3934908
3934907
3933248
3933244
3929536
3928459
3923767
3882129
3866125
3866120
3862246
3856835
3855594
2867697
2580387
2578782
2410335
6527588
6543457
6394546
6394423
6239221
6594351
6515328
6502295
6441743
6395125
6334609
6093297
6393275
6526491
6486842
6477839
6380702
6744217
6470180
6736389
6542604
6465689
6380051
6744671
6743569
6743563
6722762
6611583
6588747
6507023
6463583
6205024
6145004
6725616
6481978
6441963
6432390
6380854
6738208
6143927
6729399
6728168
6725601
6720738
6586211
6371442
6326310
6711581
6708607
6707827
6703758
6588639
6471440
6324577
6142285
6719902
6471435
6088836
6379621
6741435
6701463
6701458
6140427
6695146
6694952
6597727
6593144
6590039
6590038
6585991
6584983
6584168
6527942
6521683
6519111
6518731
6505935
6473414
6463395
6443663
6433633
6433628
6428996
6385321
6382307
6382306
6382304
6382303
6382302
6382301
6382300
6382299
6382298
6382297
6382296
6382295
6382293
6380960
6332321
6207598
6205955
6089232
6083774
6656465
6650494
6688716
6638012
6633248
6630573
6630572
6606213
6580171
6579837
6421666
6358279
6657100
6617403
6584642
6578591
6311928
6192899
6649109
6887976
6879108
6603877
6578999
6578798
6411556
6877148
6645343
6645077
6627802
6350032
6349322
6864402
6860797
6689579
6680005
6618138
6579811
6576308
6576466
6222370
6849843
6352114
6352112
6603016
6849838
6578670
6574592
6140721
6140716
6348893
6404447
6887545
6847265
6837572
6580606
6337287
6827175
6824588
6856913
6845574
6839385
6836230
6670039
6224663
6821819
6860800
6860799
6852829
6836221
6687749
6667351
6666266
6658634
6654338
6653612
6648670
6614396
6573016
6572547
6417966
6415904
6415616
6414213
6407261
6404101
6404096
6364608
6355692
6226169
6196826
6190339
7173059
6963400
7182188
7154725
7138787
7154744
7180838
7156888
6962912
6820087
6131125
7178596
6184841
6749276
7178838
7155637
7115954
6891999
6751377
6758075
6922305
7104962
7176105
7147617
7106745
7105038
7097337
6959382
6816959
6815237
6215739
7103635
6816427
6815021
7111398
7086530
6954846
6889784
6821227
7074567
7091056
7085913
7082586
6957071
7128292
7074217
7042002
6813537
7101243
7149614
7111100
7064091
7059678
6953960
6951405
6121199
7045861
6950031
6175335
7202253
7201156
7059691
7059525
7057252
6979773
6806630
7053830
7179142
7172606
7169948
7167754
7135249
7071520
7062895
7055089
7040422
7040420
7032626
6976793
6961530
6950248
6815313
6815026
6801897
6764442
6764035
6461801
6292827
6291183
6126034
6275536
6947034
7028243
7315844
6913410
7288972
7288969
7344794
7290952
7290947
6795460
7340729
7334599
7297366
7283566
7282748
7039375
6974990
6945070
6170564
7266620
7290453
7197336
7277610
7272950
7272228
7272222
6458873
7276214
6946415
6272268
6264993
7328078
7280717
6792398
7321635
7236525
6793461
7280333
7248187
7245631
7240468
7032050
7288240
7209779
7205487
6940116
6938150
6461058
7220283
7226530
7327351
7286819
7272992
7245819
6944947
6942122
6941351
7315143
7193917
6947678
6261348
7452843
7010470
7463381
7458387
7323914
7313962
7312616
7307848
7302860
7301283
7292231
7290985
7234418
7231679
7221403
7211483
6974857
6962932
6949436
6948411
6947936
6946637
6934710
6785973
6174053
6168538
6168537
6164616
7243584
6935244
6800179
7427866
7448124
7446477
7436463
6971757
6937697
6934551
6934497
6934014
7282019
6998558
7461695
7436177
7432153
6932175
6933320
6934326
6930986
6776651
6249599
6930322
7471674
7204319
6995729
6967805
6248921
7402894
6256862
7374683
7396068
7387474
7387029
6938095
6778789
6770640
7399522
6936262
6931108
6768238
7402170
7359755
7466794
7378317
7367786
6155327
7375820
7361728
7357076
6448787
7415771
7393792
7362951
7356752
7352229
7354939
6101461
7355072
7378277
7367829
7362209
7352423
7245077
7188653
6938204
6937724
6935867
6935866
6935865
6934771
6933845
6932104
6928079
6899952
6893186
6776767
6162754
6153414
293219
515774
389405
295045
293653
161880
534248
534273
538915
545285
528811
317273
292303
384249
231834
538414
508626
498015
387207
384008
503814
293099
229097
228398
574391
508623
504965
389275
111729
289427
289409
502981
502001
463908
453099
112484
582271
465366
444654
444652
385197
286377
158454
113222
372812
572695
476979
465360
464550
445365
223133
528487
445324
426709
424352
379761
285768
231381
87252
461133
285525
437786
224500
760865
543286
424551
312442
87539
86545
441867
427028
426627
370037
289423
285455
153954
220590
575636
544486
539594
538554
535306
525225
524867
484543
460216
455574
434721
425461
379619
367569
367090
296376
296116
296115
290975
288724
287606
287418
285454
284159
232539
119413
119408
115201
94773
733553
756539
748384
740308
739184
720999
754176
754175
754174
103311
581448
362888
282587
364179
694486
754155
729316
725530
711938
708641
707525
707437
693868
693867
278632
214860
704569
294411
280726
686022
686016
308689
282870
277084
667366
78269
695230
663196
276412
647113
354685
274158
673829
353725
664152
637639
352422
273620
702809
702808
627176
635467
620081
635274
624256
74592
751472
747183
714890
705562
677118
665716
665315
657878
653552
628771
625632
623131
621926
417545
377222
276447
276201
274444
146665
98950
85582
75988
74243
24319
73061
605917
605221
600942
597474
414975
414971
413391
274942
271998
75008
918636
931401
930950
599059
413815
413221
335893
203312
201931
198844
74374
907949
593843
913215
911182
897189
592501
412738
269005
144667
918796
929724
70728
900975
409214
331680
71928
918324
889716
200049
141308
268450
268266
268210
266988
869374
266838
194474
866750
863367
871424
870635
857757
600781
600777
413632
403845
267283
140504
66522
851094
578064
557944
870005
843155
842561
95799
556856
334416
841130
836525
899319
899318
898530
896454
878447
867208
865903
848889
848365
834742
616198
615089
614042
611665
611261
611243
604416
602927
580252
402778
402769
402032
401635
401570
343746
318917
318825
302634
145309
142969
72019
71383
27425
1087945
1035274
1035273
1028031
981653
1070575
1068738
1006461
991102
990184
982684
988641
1008085
999312
953969
788139
61562
1067681
1067655
788032
826011
934382
1064756
1071792
1025558
959772
1071813
981876
955869
951181
937347
1071448
1065092
936493
986731
1063448
933939
1015721
1273722
1062867
1064150
963193
1247344
1063073
1062009
1063381
1251224
1071009
1070709
1031564
1023887
990377
968710
823761
816147
800969
790050
790049
766188
1221368
1223788
1060913
1074344
1226789
1240331
1185335
1059479
814944
241700
57888
1061995
1198061
1197224
1174717
1159587
1105793
1059506
1058648
1219736
1166924
173198
1237639
1100418
807598
128327
808893
1143711
1147646
1056940
132641
1141034
1161478
1102198
1102196
1102195
1102194
1102193
1102192
1102191
1102190
1102189
1102188
1094402
1079352
125073
1055674
1224743
1211674
1137261
1057239
1056597
128736
125691
124393
175472
1242586
1129880
1129657
1127345
1125433
805474
1219723
1124916
1124665
1113615
1113612
1057664
126443
126439
126437
126436
126432
126431
759
1054609
1115032
1059470
1059075
1054261
1229406
1198699
1129598
1126257
1118737
1118735
769419
174410
127935
126530
126427
50965
4532812
4610099
4473889
4452746
4280397
4215988
4439382
4425895
4620092
4457104
4443980
4437453
4282500
4137598
4280547
4850898
4611206
4531056
4528824
4528436
4475572
4472126
4443631
4607685
4418780
4417331
4530546
4435616
4414102
4530151
4407852
4473582
4408698
4416373
4846875
4846872
4528473
4844788
4835071
4833938
4833737
4601848
4529432
4858727
4826622
4524870
4524752
4421886
4373832
4373831
4857083
4525207
4840878
4596647
4596316
4524708
4524224
4601278
4524608
4204206
4813509
4811674
4527643
4277305
4212933
4136288
4852679
4811748
4544259
4434785
4206292
4859680
4521299
4856742
4839034
4821147
4817083
4616843
4616842
4606950
4533489
4533361
4524857
4524611
4520849
4453672
4448157
4433381
4422055
4421213
4420869
4281678
4214607
4214108
4212048
4141974
4141210
4139080
4798093
4807621
4591936
4778418
4518624
4518465
4517837
4729127
4801743
4752724
4752714
4517838
4355172
4792532
4582723
4128415
4793115
4742369
4719544
4541632
4575719
4354361
4791150
4738836
4736876
4716779
4271100
4123736
4724045
4513301
4122739
4701397
4124112
4513517
4788501
4700515
4697085
4270598
4540669
4515573
4716645
4739373
4805424
4739593
4734062
4700574
4570933
4527886
4527026
4511549
4270709
4801361
4790261
4778002
4773958
4765536
4743752
4682081
4620513
4591593
4544271
4524466
4524437
4517967
4517255
4515747
4277844
4200801
4198453
4197946
4140805
4128700
4128522
4128514
4127128
4123939
4123073
4121127
4510270
4508423
4651200
4648950
4659047
4628446
4509103
4347337
4120332
4637698
4627910
4507504
4509113
4509685
4639048
4672894
4507052
4116417
4562533
5056967
4649625
4342583
4628709
4114540
4676845
4653728
4262013
5080186
5080563
5041148
5037620
4115562
5038802
4624059
4510789
4553969
4340966
4680861
4673333
4511236
4509823
4505888
5040016
5053803
4502496
4641329
5035860
4342370
5052993
5026043
5019303
4665135
4655610
5014173
5012061
4339445
4501809
5060654
4264616
4622876
5008824
4502715
4501061
4500669
4339308
4111174
5066800
5059000
5021557
5020112
4680017
4650109
4625165
4598518
4555534
4550795
4508954
4508693
4501056
4347084
4344560
4219205
4213369
4130904
5167011
5156526
5140915
4946587
5286449
5135108
5129548
5120296
4330463
5145658
5153279
5134144
4939981
4329823
5144169
5005643
4941523
4328953
5288707
5153676
4940717
5561345
5120071
5558476
5571793
5556211
5284246
5124632
4933475
4257434
5284903
5108720
5119061
5089143
5562270
5578485
5556091
5292232
5283024
5090214
4941930
4256699
4256698
4928640
4361121
5103293
4928397
5560987
5549338
5545232
5540776
5289297
5279087
4100623
5280061
5563023
5552571
5547114
5291107
5282697
5280699
5160306
5128751
5116732
4996571
4996570
4950580
4931109
4130948
4111760
4111646
4107573
4106013
5510985
5535835
5485117
4924816
5494644
5487353
5488284
5484518
5276096
5455268
4921953
5501471
5490980
5273207
4100648
5510406
5534832
5447788
5447787
5469415
5465469
5270604
5458299
5421745
4988077
4250527
5428157
5535871
5471520
5431049
5271001
5471530
4191959
5429470
5289112
4247942
5437585
5420846
5420595
5310158
4315416
4934324
4915274
5510313
5470478
5415744
4246283
4246273
5444938
5491201
5263036
5486774
5458126
5422098
5420389
5420384
5293619
5289458
5280019
5266534
5264384
5001991
4995787
4990105
4986184
4253273
4247449
4101123
5357552
5402940
5369600
5206847
4189121
5390438
5353936
5262057
5260601
4903945
5307134
5258745
5400600
5314734
5822732
5806443
4979618
4242162
5808178
5805237
5257058
5387542
5384440
5264831
4183835
5256516
5802315
5795762
5771069
5351829
4976031
4239968
5253710
5821186
5771533
5380126
5256408
5252514
4887591
5780045
5766186
5406809
5254157
5251494
4239790
5801523
5762999
5783335
5781677
5772385
5763618
5352802
5249563
4245844
5252180
5822549
5822547
5799264
5795215
5788832
5786509
5778374
5401616
5398397
5380221
5374117
5304713
5275880
4977381
4936481
4934288
4900564
4900556
4883549
4245502
4193120
4190748
4184598
4184596
4184585
4181136
5753338
5751490
5734067
5709338
5706459
5252213
5248147
4891471
5710596
5729710
5728677
5723438
5738633
4880619
5734768
5707886
5683536
5678102
5248360
5679207
5709485
5665304
4175078
4173387
4299908
5258772
5755797
5748312
4873005
4300455
4300454
4300452
5741577
5678657
5258927
5249175
5248351
5240758
4873715
5657607
5259464
5244768
5660961
5655243
5654304
5239464
4897957
5740515
5735424
5656158
4231212
5243326
5240752
4170299
5643677
5640547
4172556
5237758
5739279
5739077
5731928
5713619
5711102
5704123
5691534
5684465
5679632
5673826
5673038
5672367
5665119
5261000
5245346
5244084
5241850
5241714
5238965
4974797
4971205
4876179
4184958
4176389
4295463
4168641
6082224
5244726
5593690
6054588
6048100
4894321
4230377
6061053
5626703
5234302
6069902
5616365
5602436
4230115
5260220
4166648
6026679
5631376
5232027
4228343
6043695
5621680
5232977
5229776
4178496
6048921
6048919
6025262
5631675
5230984
5595426
6022525
5601215
5234877
5227055
5336861
6024134
6066641
5227692
4166270
6043079
5609396
5601128
5599303
5590980
5583676
5245631
5243720
5183427
4975735
4975564
4974428
4969263
5959474
5959473
5951230
6008116
5224278
4227251
5976885
5994845
5976359
5921582
5914111
5223470
5223180
4288203
4226361
5915462
5912710
5912595
5222584
5222583
5968137
4224036
5994720
5330052
5934958
5945910
5941914
5939950
5220062
5218078
4225365
5908056
5906643
5219053
5219052
5987548
5234851
5217755
5935574
5906447
5234136
5218887
5218214
5904280
5903715
5948180
5931245
5235224
4958500
5903475
4158949
5994018
5965822
5965780
5950278
5323213
5241698
5228101
5225159
5219926
4967332
4959437
4956677
4288302
4168278
4161890
5891822
5845685
5899407
5318685
5851236
5846352
5320959
5215830
5215161
4955520
4289488
5829412
5885642
5216775
14336310
5214691
5213256
5295481
5217402
5830723
14318697
14303952
14303951
5864442
5856120
5216388
5216386
5216385
14306880
14347871
14337320
14331106
14326365
14297469
5234604
4284380
14328081
14302719
14296397
14289001
14276135
4220823
14268549
14272500
14347482
5214995
14242203
14310867
14262174
5861116
14261370
14256573
14259751
14293534
14267693
14232953
14265017
14339546
14254255
14252423
14251843
14247284
5872977
5830735
5830193
5214786
4223177
4158281
4158279
4157877
14211013
14251910
14241497
14241496
14235901
14235900
14235899
14235898
14235353
14235351
14233006
14223139
14211587
14239201
14235892
14216804
14282825
14265609
14252555
14244199
14244193
14220782
14217124
14334489
14289871
14207789
14235871
14202142
14200785
14200254
14247956
14251182
14192822
14296849
14230584
14215369
14188549
14182762
14177522
14236269
14216854
14216849
14189223
14169491
14168682
14161413
14170522
14231205
14231228
14181066
14168844
14153806
14146482
14145368
14142501
14114025
14199975
14271209
14144757
14138876
14107932
14137842
5322537
14188957
14096462
14184169
14195723
14189986
14165482
14165264
14164173
14137822
14132465
14130445
14152695
14120538
14120519
14162538
14124698
14127135
14135962
14125139
14345897
14308598
14242688
14242687
14218356
14218352
14191337
14191329
14183224
14167542
14167540
14153006
14118307
14116776
14115110
14113376
14104853
14104560
5888809
5220425
4966731
14109236
14121443
14165762
14150049
14125688
14120632
14116203
14097642
14079300
14113323
14215144
14145151
14070611
14070423
14066238
14138965
14091016
14086002
14057193
14043710
14164997
14051602
14051114
14051113
14051112
14051111
14043745
13998345
14089365
14031736
14062072
13977025
14017214
13961689
13941280
13937740
14014522
13975361
14078635
14043463
13968198
13931686
14031703
14165088
14148504
14108141
14103651
14103649
14057978
14054590
14049238
13994709
13987847
13969464
5900122
5900116
5900114
5900104
14010293
13971867
13951911
14016323
14031935
13998346
14478106
13934120
13913237
14486792
14038381
13871937
13917893
14456327
14455593
13892461
14480603
13895297
14481595
14469607
14465617
14038920
13991231
13941279
13868888
13861374
14473005
13872035
14460623
13900861
13782242
14447386
13785493
13704495
13900742
13789724
13774698
13789955
13701787
13692381
13783894
13703608
13784647
13773026
13769056
13732605
13764547
13758864
13765124
13761551
13750314
13744514
13706436
13755065
13789360
13718406
13705662
13691794
13691793
13770079
14428493
14426485
13722505
14428494
14406987
13819454
14424956
13854821
14406970
14413589
13830601
13774807
13684666
14433686
13814180
13808289
14400164
14435748
13854203
14421963
13670321
13657392
13798810
13651339
13822709
13672342
14415800
13616828
13667671
13667670
13624311
13576751
13581313
13582548
13555519
13555471
13601683
13597939
13525091
13489244
13529491
13483677
13554912
13527621
13555538
13518866
13483980
13434759
13472837
13408219
13403851
13527291
13480594
13465993
13461964
13420333
13381743
13394085
13385542
13380443
13392899
13354261
13333413
13350407
13345558
13313018
13315191
13399351
13313060
13282522
13380967
13352760
13351516
13351515
13292382
13309057
13245824
13266424
13257017
13244129
14363336
14395086
14384594
14361093
14371028
13329577
13221823
13211055
13197388
14357733
14348846
13227113
13214758
14361106
14361098
13209342
13191453
13150002
13159839
13143987
13143953
13143982
13217750
13114241
13104456
13159554
13115298
13128139
13069229
13066741
13066740
13098314
13090959
13104046
13085916
13050206
13046630
13063985
13066420
13032199
13078878
13025670
13156474
13156472
13156471
13107436
13075889
13068513
13049638
13024240
12976611
13047958
12980184
12980183
12995747
14925385
14923513
14919893
14932790
14933192
14902156
14918720
14910946
14911853
13010623
12987177
14872677
14863846
14855801
14862288
14895553
14856149
14853154
14822010
14835892
14827068
14824588
14827174
14897025
14840637
14808356
14795101
14779058
15428281
15434576
15425807
14778163
15440185
14783869
15420599
15411422
15411421
15413318
15411386
14815917
14809227
15393942
18140909
18139136
18138439
18152177
18125835
18109542
18108568
18106395
18893855
18105610
18888892
18888087
18892615
18934273
18099523
18875888
18881227
18878127
18933849
18871528
18900365
18897510
18899204
20255517
20254657
20249003
19970934
20287336
20288996
20284515
19993460
21000819
20323855
20994315
21027127
21007313
