34021850
34021251
34017073
34013406
33992887
33986187
33973741
33949918
33941751
33936902
33936230
33935032
33934231
33921387
33919650
33911177
33906312
33887860
33881169
33879266
33862043
33859172
33858806
33846036
33845867
33844862
33831662
33819838
33819141
33817698
33805426
33802367
33789164
33781561
33777803
33763907
33758507
33757770
33747208
33746442
33732988
33725322
33719144
33712866
33691713
33677869
33677466
33677043
33674147
33666652
33665170
33664283
33661998
33661568
33654206
33652860
33644032
33641875
33641870
33641867
33641862
33641861
33639674
33634867
33623859
33621485
33607101
33603984
33599731
33593422
33590502
33588455
33586004
33580971
33574218
33570633
33564094
33563901
33555393
33552776
33539024
33513807
33505762
33503631
33494630
33489209
33483290
33480813
33479701
33476572
33476571
33475740
33474630
33468725
33460496
33457359
33445845
33443378
33441519
33440869
33430710
33420222
33414483
33409949
33400142
33392333
33381905
33370224
33364111
33361847
33360878
33351130
33349602
33347839
33332067
33312802
33296529
33293830
33280191
33275725
33271790
33267911
33260633
33243417
33237986
33233991
33224394
33216890
33215234
33206963
33199206
33197049
33194862
33190435
33186994
33178868
33163304
33162515
33162446
33147902
33144848
33142329
33140580
33137210
33135220
33134841
33134643
33127727
33125720
33119879
33118413
33117717
33114733
33114087
33111182
33104881
33102361
33099752
33092233
33089365
33088516
33087019
33078472
33077341
33076714
33067971
33067970
33062944
33061478
33054051
33054041
33050168
33043250
33035330
33031238
26389435
33022566
33013885
33011102
33010068
33008483
33006021
32981742
32976697
32974939
32971364
32967342
32967227
32962027
32961430
32948531
32945792
32945548
32942868
32921692
32919926
32909485
32886896
32878264
32876501
32873465
32873088
32872203
32868875
32868318
32862878
32862852
32862851
32842500
32838682
32829706
32823537
32814349
32810965
32809645
32806517
32801269
32799592
32792261
32790151
32788124
32786388
32781570
32777065
32772025
32762998
32759569
32731609
32727002
32708474
32707883
32706893
32700192
32694617
32693648
32685599
32685224
32683889
32678292
32674283
32669286
32668053
32661098
32650390
32647421
32642438
32640679
32637283
32624445
32621668
32619335
32618765
32598733
32595481
32593885
32593470
32591258
32589974
32589972
32572989
32571583
32567517
32552220
32547384
32546727
32546373
32542392
32540818
32538551
32537949
32536689
32532453
32517877
32515635
32514928
32512984
32498784
32491719
32491592
32487901
32479500
32477518
32477483
32467140
32440527
32434129
32430672
32429621
32428108
32424958
32403407
32399765
32394272
32389914
32382712
32379876
32373666
32372025
32366208
32362982
32362837
32351024
32341381
32329011
32326377
32323602
32316612
32308601
32308443
32300883
32296029
32290079
32282866
32280939
32277273
32272770
32256694
32245332
32211576
32211575
32203583
32194289
32179412
32172359
32167592
32158346
32158103
32153201
32150650
32127818
32122740
32118741
32115143
32107559
32107471
32096431
32095159
32093511
32091763
32090622
32086587
32080835
32075363
32072143
32066200
32064285
32063776
32063527
32054413
32051960
32050290
32047238
32034662
32025841
32014126
32014125
31994332
31991066
31985808
31982040
31982039
31980475
31979931
31979920
31978215
31972739
31969936
31945802
31942414
31934318
31933324
31927786
31927271
31913148
31908770
31907357
31906676
31904114
31887834
31877214
31875952
31871612
31870101
31865003
31863513
31862477
31851977
31834294
31833567
31824842
31824626
31824617
31816725
31816579
31814788
31814093
31808903
31808852
31807079
31805188
31799354
31786220
31784298
31778911
31778606
31778549
31776052
31775579
31765478
31748924
31742182
31736601
31735009
31728058
31728053
31725895
31723838
31721518
31719581
31712111
31711337
31704857
31699655
31698442
31697834
31697804
31695542
31683831
31681830
31677022
31676277
31669934
31668145
31666340
31666251
31655393
31652037
31648311
31643852
31643828
31639499
31630335
31628430
31618985
31611213
31600213
31597841
31597840
31594177
31588594
31584701
31584685
31582417
31572537
31571535
31571446
31571162
31571131
31565177
31563618
31560729
31552445
31549966
31535535
31532377
31527456
31525610
31523621
31516686
31515250
31510822
31483350
31480052
31471421
31468506
31455178
31449697
31449507
31444809
31444617
31424356
31421946
31418453
31413086
31413051
31399524
31395856
31395580
31388824
31382304
31381139
31372840
31364787
31363161
31359808
31351663
31344312
31340059
31321378
31317487
31303457
31298768
31297883
31285642
31281152
31268881
31258539
31256699
31248375
31231012
31229378
31228096
31217200
31208359
31196560
31190587
31188809
31175128
31173472
31167802
31151982
31148835
31148831
31142846
31132167
31126786
31126326
31123683
31123026
31112910
31101625
31101584
31092065
31069979
31069197
31064135
31063994
31059941
31050810
31041670
31013941
31008168
31004003
30997748
30995850
30986630
30978308
30971335
30969531
30967632
30949429
30948488
30941804
30940163
30931269
30930192
30928887
33911570
30919072
30917797
33604548
30899467
30889303
30877063
30872370
30848334
30847907
30843892
30843330
30843002
30842401
30837221
30825256
30824279
30819781
30819138
30807739
30805220
30798811
30795904
30783189
30780039
30772299
30767234
30761871
30760453
30738463
30735328
30735002
30725894
30723783
30723558
30717771
30704223
30701919
30694363
30692834
30679326
30677867
30674061
30639623
30635625
30629793
30612065
30602717
30601597
30601073
32157965
30594750
30593195
30590943
30582868
30582392
30578575
30573049
30571852
30570876
30564475
30564468
30563882
30563881
30562793
30558676
30545998
30543590
30528537
30519338
30518810
30502854
30502850
30510029
30478826
30478311
30477069
30463063
30455425
30452397
30450659
30433838
30426472
30424706
30411394
30405895
30390311
30379740
30369090
30366920
30361243
30333100
30327735
30322792
30318865
30305975
30305475
30304655
30301673
30295263
30291232
30287855
30285359
30281843
30274004
30267052
30267006
30256773
30252953
30249383
30252337
30245100
30235191
30233723
30225530
30217687
30208012
30203226
30185703
30170466
30157297
30155552
30155394
30134792
30134507
30122202
30115545
30114348
30113781
30111418
30101937
30084669
30080700
30074114
30069628
30058088
30057985
30056970
30043249
30042412
30042411
30027395
30026622
30025280
30012347
30002948
29999766
29993340
29989197
29984752
29984424
29984281
29975001
29973454
29973441
29970351
29955128
29950230
29946821
29946154
29945475
29941837
29932310
32025892
29894005
29888479
31723782
29885533
29880847
29851963
29847769
29804268
29800055
29793825
29789880
29780645
29774582
29772037
29767848
29766235
29765288
29764825
29734070
29728092
29721250
29717365
29704383
29685167
29683036
29682367
29676359
29665937
29660912
29656438
29653557
29650801
29644531
29634089
29625320
29622658
29622375
29611379
29611054
29599206
29575945
29556018
29538005
29534684
29534592
29523504
29520559
29519804
29516749
29516275
29515238
29508552
29492207
29488167
29480036
29472557
29472375
29467191
29464483
29451690
29450453
29447639
29437189
29427461
29427319
29426921
29408636
29405428
29399328
29397816
29396713
29377227
29373131
29369421
29368262
29340760
29335456
29323541
29321547
29321520
29313725
29290171
29285836
29285580
29282357
29277359
29274140
29262518
29246923
29226426
29223988
29222296
29217833
29200417
29198780
29194068
29181548
29164292
29152412
29150886
29144647
29143068
29139148
29134817
29128551
29121538
29105027
29100304
29090588
29086702
29085634
29078922
29076129
29074595
29068570
29066270
29056075
29051279
29048104
29047144
29040257
29034503
29033774
29032412
29027624
29024710
29021147
29017808
28990497
30746396
28982745
28971208
28956263
28949941
28948521
28948496
28948488
28948454
28946149
28942516
28939140
28935991
28935989
28934680
28914569
28879854
28878919
28877745
28860447
28859112
32300396
28828906
28824072
28819279
28808761
28806110
28798246
28794380
28790546
28789461
28781268
28780729
28780601
28778261
28760302
28745329
28745110
28732065
28712096
28710306
28702412
28702402
28700486
28699191
28698883
28695995
28688466
28685840
28680586
28674362
28673391
28669446
28668372
28660085
28659202
28655032
28647225
28623609
28622623
28620103
28615140
28614617
28602585
28601551
28596255
28589759
28585070
28580853
28564565
28561069
28550306
28549770
28542718
28540277
28533538
28520871
28518284
28515254
28504778
28500663
28500170
28499938
28497563
28491265
28482711
28474342
28473622
28468090
28464892
28460339
28456851
28439420
28427458
28422729
28419183
28410914
28406068
28402197
28393599
28389907
28389256
28385780
28376569
28375435
28370510
28370365
28365441
28338652
28335073
28332734
28325251
28320457
28317411
28314843
28304249
28302386
28298862
28298076
28291640
28284066
28282034
28280082
28277287
28261298
28260027
28259826
28255021
28251679
28247057
28246554
28241944
28237966
28237691
28232234
28228104
28220932
28218607
28213916
28202485
28196400
28193568
28173615
28164603
28148580
28145534
28144498
28139563
28137897
30380282
28133558
28132789
28128288
28126623
28120162
28113109
28095380
28088811
28086927
28068330
28057739
28040788
30695513
28031530
28028559
28028029
28028027
28028026
28028024
28027559
28025866
28010748
28005140
27997717
27991718
27976991
27966016
27958278
27957350
27957255
27956543
27956542
27956541
27956534
27930945
27930632
27929554
27924369
27924280
27919526
27917774
27916398
27916397
27913526
27912970
27911124
27895337
27892678
27892526
27884974
27884555
27880982
27875375
27866579
29296692
27858987
27858230
27848280
27830999
27822101
27813534
27812134
27810993
27647865
27801320
27801313
27756180
27797860
27796129
27667010
27647628
27132877
27787922
27784744
27447873
27783966
27473563
27774824
27774822
27774820
27766390
27758825
27479013
27752371
27737508
27734130
27734102
27729820
27727468
27725592
27710990
27708986
27706633
27699575
27697978
27693837
27690182
27686377
27686171
27686170
27686169
30645821
27684959
27682603
27672988
27634203
27627644
27618352
27614230
27612319
27609733
27601760
27598581
27592389
27584865
27570458
27566291
27550486
27540717
27540137
27531810
27521307
27518531
27518041
27510853
27502758
27500783
27494970
27494969
27492118
27489765
27486987
27486346
27479815
27476089
27473820
27471124
27468853
27459611
27458250
27457850
27433418
27431664
27431081
27429517
27427771
27427321
27423232
27414763
27410038
27408370
27408357
27408354
27402956
27401783
27398203
27389715
27365426
27354406
27354022
27344680
27341755
27335198
27334946
27334391
27288519
27282563
27263782
27252806
27250824
27249739
27232929
27198504
27196481
27196445
27185380
27182615
27181544
27168811
31360077
27161873
27161748
27161713
27161708
27161323
27154187
27151728
27150448
27143923
27136492
27134742
27133437
29226001
30546663
27111338
27102499
27094255
27094252
27093983
27090942
27081096
27077777
27074203
27070130
27067982
27061824
27061303
27060176
27057437
27052852
27048338
27039813
27039801
27039724
27038682
27037840
27033437
28718562
27017614
27013444
26982379
26975864
26961933
26944254
26943702
26941958
26933174
26922064
26917989
26917904
26916570
26909922
26900719
26898207
26898196
26898077
26894383
26876249
26870357
26852656
26851503
26846873
26843622
26841017
26839736
26835366
26834157
26832847
26830533
26826764
26825737
26825349
26823993
26781420
26771972
26769185
26757507
26756924
26750731
26742260
26731841
26718907
30474944
26717494
26717193
26710883
26703820
26701108
26700872
26697989
26695916
26688384
26677499
26670597
26669436
28856190
26650379
26646991
26646156
26637784
26637741
26636622
26634086
26629270
26626649
26622353
26617890
26614694
26609329
26608702
26604428
26598745
26595339
26589910
26569516
26568781
26565403
26564251
26552452
26548924
26547864
26543328
26538823
26538820
26522763
26492433
26492355
26491227
26489695
26487934
26487696
26468945
26463040
26458438
26450985
26449764
26445252
26440973
26433906
26432562
26431835
26431587
26430722
26422250
26416212
26413426
26411990
26408371
26407910
26402369
26394545
26385526
26375990
26375873
26371371
26370868
26370613
26370194
26368319
26362408
26362333
26361530
26361084
26359727
26355403
26354357
26352890
26345551
26336886
26332545
26324368
26316485
26306065
26297275
26294092
26292803
26292161
26275051
26271725
26269222
26261774
26261238
26256826
26251152
26237165
26235214
26228487
26225146
26223499
26220895
26209826
26206947
26202929
26195758
26189968
26187587
26185305
26182311
26181658
26178353
26178352
26178351
26178350
26178349
26176817
26163633
26159045
26154092
26144591
26138561
26138237
26134021
26123310
26117054
26116595
26113113
26101742
26093937
26088928
26084796
26072330
26071474
26044284
26036168
26022238
26019042
26012664
26012362
26011312
26003023
25999444
25996953
25996073
25993201
25993152
25980454
25976962
25976465
25976292
25968903
25967091
25967090
25959311
25956046
25955555
25951317
25926062
25922307
25913509
25912019
25906101
25904378
25901433
25901432
25900285
25893311
25880722
25873496
25873492
25873215
25872987
25870379
25863408
25860380
25860240
25858863
25854460
25849990
25840747
25837692
25832853
25832303
25828967
25824741
25810967
25810569
25810304
25809027
25794279
25793623
25791242
25778892
25768401
25757677
25754163
25752595
25743883
25736096
25727411
25719551
25707870
25696878
25696867
25693142
25689636
25687833
25687088
25684469
25683038
25680896
25674012
25671252
25663905
25650864
25644746
25641434
25637689
25635755
25631214
25630751
25629741
25624900
25611051
25585370
25584867
25583084
25577686
25566667
25559461
25557358
25555871
25553276
25552701
28349805
27239389
25548766
25545244
25545052
25544823
25539124
25536606
25528320
25527813
25526816
25523861
25522845
25520049
25515354
25504846
25486953
25486952
25480691
25473178
25472969
25470150
25459177
25452296
25433930
27175268
25426980
25425199
25419608
25414437
25407111
25401994
25397683
25389097
25386351
25380996
25379406
25377561
25377027
25368824
25353086
25352381
25349114
25345590
25332555
25332522
25330439
25327078
25323682
25316507
25314776
25313414
25307456
25305205
25297748
25292202
25288776
25286750
25278584
25270596
25263265
25262210
25259626
25248879
25243700
25236537
25227185
25217248
25216227
25215616
25209606
25196073
25193984
25193901
25193869
25191727
25189726
25189725
25189724
25189723
25189722
25179683
25172457
25171702
25162887
25153013
25151955
25149709
25148281
25145552
25143825
25130821
25130523
25129052
25120015
25116182
25116159
25116092
25103330
25102588
25082860
25082530
25082025
25076712
25069759
25060252
25043171
25040297
25039361
25037629
25035668
25027569
25023898
25013507
24991947
24981691
24980764
24975338
24971434
24963042
24958831
24957246
24953661
24951423
24920845
24907356
24903629
24899000
24897074
24895336
24893091
24888272
24881037
24880208
24878159
27536569
24874539
24869939
24862411
24862129
24860972
24858412
24857885
24845343
24843039
24836761
24824295
24820309
24814134
24811089
24795056
24787989
24786775
24782486
24768202
24766055
24764080
24762543
24754420
24753674
24746271
24741314
24727673
24721000
24718374
24697128
24692758
24689875
24687383
24681942
24677207
24666646
24642873
24641389
24633869
24630365
24627006
24618579
24610470
24589549
24585573
24572988
24569113
24553179
24553173
24535932
24524340
24524202
24511651
24509338
24501760
24492037
24488561
24488226
24482100
24480985
24475114
24474573
24469448
24463469
24463275
24458835
24454890
24450579
24448953
24441292
24438641
24425692
24413320
24408161
24404189
24389309
24389308
24385771
24385747
24382738
24378116
24372927
25803630
24371790
24371783
24366362
24366192
24365372
24362834
24362743
24362471
24354892
24352199
24351780
24348604
24341401
24339944
24337516
24325359
24325356
24319230
24315695
24312736
24309205
24290217
24290216
24290215
24297870
24280934
24277659
24273107
24265174
24258498
24252366
24245548
24240522
24196613
24220620
24206045
24201120
24197551
24191050
24190690
24186314
24180690
24173087
24171339
28509296
24166817
24159391
24150219
24147083
24146204
24130064
24120605
24116263
24114627
24111669
24109489
24105986
24091929
24091831
24085768
24084459
24081976
24069563
24069558
24068492
24067929
24066127
24056820
24043991
24038117
24037420
24033912
24000512
23996481
23996471
23996108
23993426
25755508
23990704
23986553
23968379
23959406
23953278
23941968
23932394
23929215
23926298
23900239
23877876
23872309
23869285
23865766
23863895
23863170
23855810
23847190
23845539
23839603
23838005
23836360
23828072
23827419
23827351
23826582
23826015
23823316
23820940
23814052
23810504
23809828
23808749
23807288
23787440
23782935
23781511
23776154
23772694
23768070
23759877
23758082
23751441
23739289
23735588
23731455
23720412
23716560
23716157
23704469
23701016
23695894
23683307
23681919
23681871
23677817
23675569
23666689
23657863
23652352
23639951
23633544
23633335
23633193
23610611
23601811
23599949
23599815
23597578
23594015
23594014
23594013
23594012
23591792
23588264
23573950
23571603
23571153
23570380
23565673
23560534
23558622
23558526
23558521
23556120
23553722
23553621
23542632
23538339
23537044
23536018
23525684
23502962
23502961
23500615
23496342
23496285
23494965
23488603
23487027
23480528
23480062
23470708
23469399
23469088
23466854
23459451
23457135
23454563
23447059
23445878
23445729
23432650
23432162
23431903
23430670
23411734
23402297
23398206
23393003
23392352
23391844
23391678
23387002
23386690
23382981
23373780
23369042
23367550
23363794
23357690
23349688
23343777
23341442
23335367
23334520
23333694
23330877
23330839
23317159
23304015
23302045
23298878
23296725
23288640
23281576
23280542
23277116
25215125
23265742
23264594
23264112
23257441
23245211
23237864
23233637
23233635
23233154
23227377
23216617
23216616
23213945
23209034
23188718
23174192
23169379
23161320
23160466
23152654
23151052
23133974
23130336
23123534
23121980
23121686
23117264
23116358
23115799
23111067
23107469
23101255
23094849
23091590
23089424
23085694
23085693
23076627
23074222
23071245
23066032
23065476
23065008
23063869
23055361
23054643
23054641
23049405
23049404
23047905
23043069
23037731
23037623
23032109
23023734
23009940
23009934
22999527
22993907
22991152
22990042
22990001
22977755
22965887
22960808
22954636
22944561
22941965
22917768
22916261
22898909
22898600
22891616
22890406
22879541
22877729
22872685
22864358
22852872
22851873
22850610
22847163
22844354
22843194
22830345
22829185
22829077
22824667
22818858
22817632
22802311
22796622
22796437
22793267
22784966
22774487
22762031
24058768
22743278
22740446
22739179
22733026
22730657
22722988
22721514
22706852
22704337
22696908
22690222
22689671
22642280
22659388
22652566
25755427
24744648
22643542
22642932
22641623
22641564
22627765
22626845
22623993
22611155
22605001
22583424
22569900
22565553
22555824
22541100
22524513
22507813
22507800
22520725
22511494
22500049
22496165
22489043
22484594
22483066
22475213
22474318
22473461
22466903
22463827
22460584
22449610
22424943
22419578
22412794
22412053
22411871
22409737
22408262
22407059
22403660
22362131
22388763
25992203
22383244
22375970
22350625
22339435
22339244
22333011
22331938
22331582
22318201
22313642
22304488
22303605
22279053
22278747
22276859
22272554
22263571
22262773
22252311
22251709
22246040
22240347
22234689
22211096
22209620
24451774
24451773
24371761
22203487
22170483
22167863
22164750
22161852
22160617
22160042
22160038
22157736
22154053
22150289
22149429
22144185
22125530
22109574
22106054
22102708
22099725
22098131
22096879
22086864
22084670
22084668
22084665
22077528
22076943
22076463
22075805
22069235
22065597
22035746
22035745
22035744
22033685
22056779
22051730
22041374
22041356
22039845
22039256
22034658
22032613
22028900
22018952
22011365
22006129
22001278
21993415
21987143
21987136
21986846
21983176
21982959
21980629
21972209
21953826
21953617
21953568
21953418
21950422
21942426
21934254
21933645
21933042
21929589
21923651
21922527
21921040
21918143
21917685
21917004
21911721
21910382
21910353
21904853
21897612
21892841
21887928
21887923
21887333
21885951
21883029
21867645
21867614
21860433
21859430
21846594
21825979
21823028
21821860
21812837
21806350
21804321
23556090
21794206
21790864
21766300
21761323
21761195
21750318
21749449
21737230
21725052
21718133
21716005
21712540
21708889
21705500
21698292
21689158
21685869
21684598
21674578
21674576
21660494
21654720
21653937
21653328
21646835
21646683
21642812
21633755
21630611
21623459
21599574
21574532
21559940
21555228
21552144
21539404
21537037
21536863
21531945
21527532
21527517
21525164
21521147
21518505
21516717
21512135
21499015
21498896
21497288
21496873
21496586
21490340
21484683
21474922
21454967
21447832
21447007
21442635
21424304
21421540
21416861
21412841
21393910
21393891
21389325
21387237
21362419
21362261
21362128
21358342
21357711
21355091
21351120
21346910
21346557
21342676
21336478
21332713
21331593
21323890
21320566
21306925
21296212
21288571
21283107
21275967
21275965
23556073
23556072
21273266
21264914
21247487
21245760
21242405
21239782
21239780
21224469
21220608
21220604
21219299
21219298
21217153
21212285
21205761
21200024
21198321
21193338
23049357
23049351
23049320
22958502
22696707
21188113
21180092
21175664
21173097
21171481
21161709
21157140
21153897
21151606
21151131
21143149
21139142
21138246
21133718
21132732
21127942
21127188
21122317
21120186
21120162
21114901
21112847
21106990
21095048
21088353
21082983
21080242
21079613
21074499
21064012
21062247
21062242
21059102
21051030
21045235
21042459
21042281
21034166
20980420
20979949
20978717
20966892
20966521
20962476
20950402
20948870
20934482
20922795
20890078
20888389
20852385
20844687
20843246
20827516
20805747
20801055
20737938
20727590
20724988
20723337
20723311
20709665
20708307
20700488
20693770
20692135
20681462
20674193
20671855
20671051
20667821
20664061
20663870
20662663
20661915
20661700
20660330
20656333
20655352
20650526
20639844
20631743
20630570
20625010
20617023
20613953
20609348
20607450
20606359
20601445
20597963
20587663
20585391
20585043
20575028
20571018
20567824
20560970
20560681
20559111
20557673
20551270
20546386
20546341
20541703
20534696
20533123
20528907
20528738
20512575
20508616
20506062
20499211
20483636
20473593
20472853
20472827
20465711
20445018
20437121
20431848
20428846
20428194
20426925
20425392
20422415
20418246
20417870
20410924
20408872
20388788
20372971
20362361
20358212
20339092
20331763
20331734
20306156
20304805
20303384
20237866
20231614
20229031
20220068
20218812
20214447
20205617
20203004
20197548
20194236
20191332
20191180
20186505
20170959
20160369
20160166
20146064
20134155
20133898
20130243
20126996
20126644
20107735
20098483
20087176
20076959
20068225
20052743
20047097
21510445
21415968
20030962
20015882
20013324
20009439
20008298
20008249
20008248
20008247
20008195
20002154
19999392
19999391
19965650
19961090
19959099
19959098
19950698
19946506
19942953
19941739
19941738
19940468
19939582
19930182
19902720
19887489
19882752
19880761
19877761
19860198
19860187
19860179
19858050
19857967
19844986
19844283
19844282
19843380
19826111
19815050
19812383
19806641
19806146
19799128
19795034
19789961
19789710
19789122
19786661
19784527
19782271
19778862
19778861
19772888
19763519
19757706
19756436
19754924
19735488
19720954
19715759
19709542
19680167
19667417
19657484
19643476
19636672
19626198
19616600
19615425
19608683
19604233
19584401
19584324
19574711
19571623
19571317
19568061
19564637
19562617
19559071
19552608
19549471
19549399
19549360
19541820
19534341
19531676
19522842
19522256
19521323
19393837
19503632
19500139
19497108
19491085
19489438
19484334
19482442
19472396
19468728
19468275
19466975
19466964
19459135
19447617
19446406
19445582
19445284
19442200
19440215
19430293
19421140
19413997
19401542
19387466
19387008
19377078
19372714
19372254
19369682
19362496
19345416
19339771
19333709
19332765
19329339
19327411
19305443
19298588
19297821
19295632
19295546
19295544
19293426
19290934
19287385
19287384
19287382
19278953
19277418
19274616
19267816
19264517
19262601
19253208
19252176
19250672
19248459
19248458
19236788
19236761
19229983
19225914
19225136
19215672
19214510
19202955
19190168
21082994
19176988
19175989
19175983
19175693
19175478
19147089
19167611
19152169
19141119
19134023
19129692
19118011
24833969
20425436
20425435
20425434
20406022
19109573
19099657
19096846
19093946
19093167
19080367
19080357
19075958
19074062
19074061
19074060
19060635
19060244
19055858
19052980
19046318
19042918
19039208
19009241
19006225
19004005
19002391
18988882
18985309
18972067
18948049
18941939
18937974
18936614
18936613
18930517
18854675
18843287
18843285
18841497
18838204
18833926
18823397
18823038
18815196
18808757
18802948
18800144
18798095
18793248
18781401
18779404
18775810
18769448
18768782
18760472
18754034
18754027
18754026
18754024
18728027
18726845
18723828
18723478
18723266
18723264
18721891
18720212
18719189
18717827
18701405
18698085
18694336
18685610
18671703
18668702
18667906
18661406
18657084
18650451
18645927
18635311
18634297
18632152
18632151
18623221
18623127
18619646
18618714
18617299
18616871
18612778
18612101
18608868
18596737
18591627
18579996
18575865
18575049
18566540
18557746
18552569
18551750
18548812
18541722
18539582
18538839
18538168
18528646
18528425
18519514
18515659
18508790
18504767
18503583
18496562
18496561
18484677
18482389
18482053
18481066
18467602
18464114
18454412
18453785
18452096
18451307
18451306
18445895
18443353
18441161
18439489
18432524
18432364
18429051
18425953
18425288
18401028
18399175
18398736
18397649
18394555
18394554
18386616
18385755
18385750
18380991
18371110
18360802
18351338
18337443
18336541
18334677
18326042
18325302
18324972
18321571
18314608
18310537
18300758
18297539
18297515
18294066
18292125
18291658
18291525
18288134
18283780
18280010
18268279
18266209
18257107
18245648
18245540
18238952
18226435
18221390
18220909
18214487
18195094
18194091
18187660
18185525
18184525
18181201
18181200
19633771
18160817
18160670
18094629
18084761
18081705
18079740
18079739
18072652
18072651
18068534
18064346
18060614
18059484
18056850
18056003
18055983
18055979
18055349
18054634
27263958
18048969
21136658
18036400
18036317
18033315
18032974
18032973
18028479
18024652
18024651
18024322
18019426
18006699
18001415
17988529
17984312
17981210
17980909
17980427
17979493
17976523
17976522
17976520
17976519
17976518
17976517
17963181
17961178
17956691
17952198
17938925
17938346
17920755
17919086
17917783
17914411
17910642
17910624
17909074
17907502
17906464
17899078
17898576
17889703
17885079
17882283
17882280
17881638
17879017
17875526
17873518
17854665
17854308
17852451
17852434
17851555
17849460
17849070
17822250
17803581
17802939
17764815
17764814
17764811
17760813
17728787
17727560
17721432
17713553
17707884
17704756
17703302
17702125
17695304
17693067
17682432
17682425
17674313
17673813
17668775
17659745
17644735
17643100
17637260
17634823
17634741
17625610
17625606
17625603
17624250
17622783
17617783
17614822
17611562
17605888
17597810
17597478
17587880
17587879
17587878
17587877
17581608
17577644
17559567
17551678
17545503
17542341
17541402
17540852
19707323
17533047
17525889
17525888
17513521
17505178
17493421
17490536
17488875
17476276
17473062
17470899
17466371
17466335
17460706
17454193
17452518
17440677
17439832
17412890
17408106
17405752
17404621
17402211
17396258
17395782
17389763
17389152
17384217
17379742
17379069
17376889
17369568
17367853
17361221
17352450
17351342
17350297
17344140
17339201
17336249
17328948
17326852
17325857
17323058
17318777
17317589
17313377
17305502
17296594
17285276
17278781
17267906
17267904
17266061
17264301
17263783
20425387
20425386
17262192
17256145
17255788
17255768
17251334
17249502
17243398
17237636
17235002
17229651
17224012
17222772
17214101
17213018
17210175
17210076
17206425
17205232
17204324
17198871
21318952
17194663
17190855
17188794
17183644
17178722
17178662
17162218
17162210
17157157
17156406
17145859
17145024
17138043
17137402
17134610
17133099
17131899
17131059
17128687
17127481
17124067
17124066
17123268
17122883
17122864
17114610
17113348
17109152
17105814
17105490
17105449
17082007
17077162
17077140
17064987
17060871
17059429
17055768
17053059
17045648
17033265
17032592
17032591
17032590
17032464
17030374
17024113
17018393
17008888
17007278
17006961
16998940
16990780
16990584
16987804
16982933
16977587
16977569
16959024
16956836
16954506
16949922
27265480
16946305
16928601
16924638
16923114
16922618
16919893
16917633
16914715
16912229
16904848
16901657
16901656
16901329
16898960
16886275
16879016
16879014
16879013
16878642
16875583
16868251
16840894
16834459
16827884
16825501
16822399
16822289
16810620
16810618
16810617
16810616
16810614
16810612
16810610
16810609
16804938
16804923
16804363
16801072
16796632
16787877
16781491
16781486
16781485
16781484
16781483
16781481
16781479
16780735
16772604
16762626
16757685
16755572
16753887
16741247
20425337
20425336
20425335
20425334
16728702
16724311
16720558
16710304
16709929
16709504
16690772
16684963
16682284
16673282
16673281
16673279
16673278
16673277
16673276
16673274
16673273
16673126
16670266
16669411
16645202
16639737
16631280
16620973
16617601
16610578
16606464
16603627
16598306
16582970
16572202
16568439
16556037
16554863
16537803
16533288
16510297
16504586
16503546
16502591
16502590
16502200
16484586
16483650
16479088
16478879
16472933
16461568
16460801
16460800
16447708
16440805
16434495
16434490
16420986
16415658
16412691
16396760
16393678
16384930
16378893
16373657
16372584
16369984
16365288
16357566
16352805
16352253
16341034
16341032
16334202
16325696
16321863
16321848
16307011
16304412
16304411
16304381
16304380
16297008
16296413
16293597
16285006
16282342
16273739
16271512
16266894
16263414
16258466
16247455
16239216
16231451
16225651
16220296
16220256
16210040
16210037
16210035
16210034
16210033
16210032
16197451
16197445
21625282
19810313
16192494
16191089
16190345
16188676
16178503
16173981
16163180
16157199
16155011
16133363
16127162
16122842
16115144
16115126
16109602
16104886
16095230
16081687
16081684
16080658
16053035
16047334
16042688
16037387
16029446
16019508
16019501
16008595
16007902
15996924
15993276
15985544
15985214
15983426
15970705
15968742
15963833
15958702
15945413
15926469
15924069
15920007
15918545
15916693
15897170
15891949
15889449
15879946
15878688
15876252
15875317
15866263
15865879
15865878
15865877
15865876
15865875
15865874
15865873
15863514
15860661
15858255
15858187
15858182
15857475
15850829
15847082
15842653
15838389
15837627
15837617
15813844
15803315
15802896
15802893
15801966
15798567
15793561
15793518
15785056
15781101
15763983
15761220
15755500
15750823
15749677
15749676
15749675
15747043
15744342
15736066
15726648
15725900
15725256
15710945
15710584
15710583
15699934
15692838
15689316
15683121
15679425
15676208
15667529
15658450
15651367
15650546
15634597
15632209
15630493
15628915
15621837
15621733
15614287
15609281
15605767
15602345
15599750
15585653
15581834
15580902
15578448
15572213
15571759
15570299
15569020
15567969
15566354
15559729
15550132
15541325
15540308
15531464
15529946
15523806
15513321
15494424
15483002
15482300
15477215
15477204
15477203
15477197
15476273
15384975
15380337
15375769
15372168
15361506
15354918
15345902
15341701
15339673
15335186
15334320
15327515
15318308
15296017
15279663
15276643
15270182
15257729
15257312
15238147
15225097
15219494
15218413
15217716
15217715
15217714
15217712
15209891
15195702
15194544
15190520
15190519
15190518
15190517
15190515
15190294
15190290
15182553
15180853
15175960
15172751
15168594
15166939
15166887
15166033
15161531
15154599
15152962
15152961
15139047
15136214
15128419
15124674
15112149
15111786
15102479
15099779
15095485
15088323
15088322
15086149
15085495
15085152
15084704
15070710
15064863
15060419
15058642
15053805
15050027
15048067
15048058
15036942
15036893
15034760
15025431
15018396
15008617
14998918
14998917
14987916
14981032
14980323
14966468
14872383
14758329
14750750
14720438
14717780
14711910
14711906
14701686
14697806
14694281
14692971
14688009
14671623
14667201
14663167
14647454
14636871
14633783
14631553
14631544
14617016
14617008
14603552
14593369
14578104
14574461
14568907
14565648
14560782
14560779
14560778
14555308
14531919
14524401
14520846
13679345
13679323
13677944
13677271
12975551
12955483
12950237
12949887
12937905
12935931
12931569
12923585
12920026
12920019
12901346
12901345
12901344
12901343
12893745
12893021
12890160
12879440
12873988
12873025
12868237
12851693
12835736
12835454
12833462
12829587
12822210
12814399
12799929
12781799
12773744
12767088
12764388
12764352
12763928
12750696
12749260
12734672
12730106
12723560
12716375
12714892
12707723
12682880
12682879
12682874
12683904
12671583
12656813
12651277
12645649
12642720
12640290
12634947
12634946
12623589
12606138
12591457
12591276
12590950
12583538
12583529
12580978
12574969
12564173
12559451
12551821
12551817
12543083
12533050
12516687
12515724
12509645
12508968
12507288
12499445
12492598
12489498
12483364
12482501
12482341
12480444
12459847
12459535
12454709
12452821
12446236
12438952
12437648
12434278
12430942
12430941
12430940
12430925
12430892
12414348
12410710
12410589
12408765
12406101
12405339
12393615
12389621
12382421
12377969
12377410
12373083
12365868
12363469
12353315
12270061
12243668
12243551
12239154
12221665
12215011
12212474
12210809
12180484
12177388
12171772
12169877
12167442
12145463
12145459
12144115
12125965
12113056
12108588
12107952
12099203
12096354
12096353
12096352
12096351
12095150
12092349
12091131
12089313
12082253
12071933
12068384
12051593
27264763
12041671
12031932
12028027
12024319
12008090
12004839
12002750
11991237
11990518
11990314
11989093
11986247
11979559
11978570
11962756
11958381
11952886
11929054
11926187
11923703
11921028
11920280
11918562
11918555
11918532
11915175
11913109
11911405
11908711
11902077
11891801
11890987
11886385
11882360
27264625
11872425
11850996
11850077
11846455
11845984
11843821
11843808
11841424
11830459
11829793
11808159
11801479
11797364
11788931
11766643
11766504
11745238
11736946
11734326
11726314
11721985
11721372
11704215
11703335
11701535
11694412
11640868
11599253
11590345
11587114
11555513
11552972
11548978
11532520
27264251
11530530
11518102
11496742
11490531
11490530
11490529
11480581
11476952
11463455
11454537
11454315
11426569
11422411
11410422
11410408
11399581
11399580
11402920
11391728
11391727
11387815
11380400
11379261
11379260
11379259
11378575
11378264
11375841
11373690
11372728
11369633
11332247
11328338
11325641
11324639
11317965
11317963
11317962
11317959
11317958
11304636
11303134
11300351
11297894
11292190
11273472
11261821
11249536
11242599
11242598
11242597
11242596
11242595
11227838
11226766
11204030
11201150
11197225
11193434
11185990
11184768
11183356
11208311
11167837
11166462
10753836
11148402
11128399
11126793
11110700
11104298
11096295
11092463
11083506
11076265
11073167
11071630
11071622
11064463
11058023
11054066
11045164
11045151
11034048
11031927
11028408
11025590
11012636
11012190
11009585
11007853
11007052
11000763
10997885
10996831
10986148
10984199
10975952
10971489
10970126
10967156
10964130
10961184
10950261
10942409
10938896
10934284
10931988
10924943
10919043
10923962
10914933
10914756
10907193
10901610
10895623
10894997
10894976
10887148
10880370
10874386
10865414
10851563
10848954
10831921
10830186
10809920
10804605
10803930
10787239
10782905
10780097
10778449
10772873
10767050
10761755
10729994
10727598
10726046
10725994
10725982
10721786
10697532
10682958
10680703
10676771
10676644
10674896
10664350
10663667
10663666
10653318
10651728
10651727
10646073
10645767
10640993
10640221
10640220
10640218
10640217
10640216
10640214
10640213
10621836
10604160
10602893
10589125
10564581
10564341
10561146
10517120
10515857
10512168
10507086
10506938
10504523
10496566
10483672
10475997
10470935
10457418
10457399
10453207
10442676
10437896
10422448
10410570
10396290
10395106
10391102
10390187
10352490
10342591
10342586
10233436
10229485
10227515
10221501
10214878
10214859
10214469
10202430
10194140
10194123
10190944
10188353
10088640
10088639
10086775
10086722
10086706
10083814
10079679
10072110
10071085
10069447
10069355
10052713
10050634
10037041
10037017
10025899
9930553
9930551
9930550
9929105
9918311
9918308
9889589
9887281
9885203
9883806
9883800
27426843
27426842
9868417
9866414
9858907
9847957
9835620
9832656
9832336
9831412
9830813
9814069
9810553
9808491
9787195
9784784
9779023
9776211
9772010
9766922
9766920
9763544
9752068
9740087
9731054
9726038
9722889
9718944
9717130
9716616
9704033
9703157
9698024
9694740
9684757
9675875
9673751
9673037
9669670
9669902
9662282
9660575
9654156
9654155
9647492
9646623
9639413
9637273
9636957
9631894
9626028
9603754
9615219
9613144
9597194
9590446
9583943
9580177
9577584
9577361
9568428
9554456
9555119
9553670
9551645
9549929
9549927
9549926
9549919
9537637
9536909
9529134
9528055
9525011
9509216
9499248
9494620
9486917
9483243
9481451
9475771
9475764
9475763
9465854
9465761
9450785
9433381
9426514
9424978
9424738
9414643
9412961
9409109
9375780
9375739
9399778
9370045
9364871
9360412
9359522
9358074
9356851
9354671
9345019
9326212
9326205
9326204
9326356
9310125
19078214
9298870
9298860
9292543
9286142
9279291
9258660
9242225
9226165
9346773
9322681
9299851
9260571
9260054
9207443
9203471
9198227
9198226
9381264
9207394
9195783
9191563
9169662
9160662
21533460
10225758
9324399
9297056
9234587
9163613
9131002
9128800
9116275
9058705
9121771
9218101
9198456
9074426
9157584
9154316
9112425
9076770
9071816
9072481
9053768
27406868
27406804
27406726
27405234
9812645
9584858
9387206
9387205
9387204
9387203
9387202
9387201
9387199
9387198
9263357
9263356
9263352
9263350
9255910
9213964
9210911
9209196
9208259
9093785
9039066
9031617
9027804
9025166
9025164
9025161
9025160
9025159
9025158
9025157
9025156
8992931
8989903
8980260
8977651
9148422
9054716
8997130
8958686
8983902
9064408
8922844
8895700
8888746
8982288
8960109
8950863
8923777
8912370
8839864
8927166
8779469
8951785
8951783
8951782
8951781
8951780
8951779
8951778
8951777
8951772
8951769
8951768
8949347
8898932
8866421
8813089
8927476
8827883
8774618
8759885
8697415
8868960
8959906
8855550
8698125
8709617
8703817
8625788
8848413
8767533
8767531
8738590
8641402
8638610
8638606
8630987
8643877
8622384
8772649
8613135
8602708
8599193
8598235
8608241
8608221
8846535
8650444
8597614
8579063
8579040
8721871
8721860
9151204
9074718
9047969
8991809
8982966
8976389
8964612
8931957
8922499
8922492
8922489
8881575
8864395
8820686
8818385
8776105
8711255
8701700
8693867
8638438
8600002
8597897
8562411
8750621
8679437
8589367
7497837
8525344
8590854
8555064
7574220
7666903
8527391
7589339
10158116
8983798
8574168
8574158
8542363
7655033
7548329
7650986
7632960
7669665
7639273
7638633
7638632
7638629
7554311
7543418
7542500
7482123
7675003
7632819
7630233
7622682
7581121
7549901
7495099
7659992
7644407
7557659
7659974
7677590
7616976
7607792
10155178
7896963
7726026
7715122
7746823
9371985
7864024
7779655
7779654
7720840
7663048
7624389
7889510
7873381
7792731
7845492
7812918
8569275
7893517
7886016
7886013
7886012
7859872
7833273
7832194
7753287
7718721
7653223
7628997
7569845
7474832
7876707
7993124
7819104
7808738
7825844
17974419
7942794
7855389
7529530
7973511
8092146
8092139
7957805
7839322
7831188
7803266
8081000
8085984
8079892
7992252
7925857
7529043
8065157
7992249
7933568
7822871
7800586
9371291
8192153
8035619
8015328
7993806
7993786
7993785
7981137
7954775
8022507
8190430
8184876
8182947
8174675
8027406
8018766
7927180
7523642
8152300
8036143
8036142
8036141
8036140
8036139
8036138
8036137
8036136
8036135
8036134
8036133
8036130
8036129
8036128
8036127
7512174
8182985
8199577
8168592
8131005
8063260
8020639
8007263
7518713
8309247
8298136
8199036
8199029
8140379
7911034
8140075
8293394
15378952
8274756
8274728
8261429
8180441
8176658
8165024
8091933
8067197
8067017
8011542
8011539
8011536
8000266
7992598
7990379
7890266
7833154
7812513
7769374
7702286
7516694
7483176
8310673
8239228
8238005
8171387
8013984
7903108
8272712
8227393
8213770
8213763
8175029
8039752
8242592
8231351
8285117
8261806
8243612
8225715
8408361
8400231
17590719
8405328
8379536
8371588
8367817
8266624
8256491
8255022
7689483
8414962
8411644
8377385
8372816
8353266
8330648
7654576
8517327
8352245
8348946
8321046
8294054
8157758
8079482
8506494
8366577
8342539
8330115
8253600
8235379
8337216
8489306
8329837
8318921
8315826
8102113
7683217
8488374
8510335
8500606
8494001
8477963
8388806
8350498
8318681
8318566
7686030
8471662
8452727
8445747
8345655
8248645
7687168
8516217
8492422
8436655
8426478
8381848
8426948
8503620
8486340
8436217
8436214
8431916
8396298
8372486
8358102
8355412
8303607
8295823
8273365
8240182
8182354
8119627
8099457
8093348
8062671
7504541
1494409
1489903
1482668
1479700
1297483
1462146
1488420
1469131
1460322
1442851
1344424
1292220
1327286
1390944
17424094
1450337
1419815
1299417
1293779
1286233
1503109
1490574
1483596
1483589
1476010
1453011
1405715
1498332
1498322
1521239
1513516
1503110
1503083
1428451
1390249
1638486
1615925
1500262
1390020
1614699
1637884
1637881
1607398
1477653
1440100
1316790
1609225
1630988
1623057
1613144
1568217
1561331
1561327
1320895
1602615
1496272
1641818
1615497
1604194
1587207
1371882
1585233
1552068
1550781
1550104
1535387
1535462
1734838
1731512
1730276
1636247
1600692
1575979
1544007
1488870
1488868
1466199
1440358
1377927
1375798
1318465
1296193
1292311
1292133
1286277
1779454
1774954
1723189
1367959
1962275
1958751
1839937
1836999
1808402
1954981
1893965
1745085
1746004
1945185
1808597
1949739
1942523
1912029
1862109
1858644
1776114
1858193
1821298
2072746
2062751
2058526
2056274
1858777
1798658
2043773
2058026
2069164
2066548
2064971
1873637
1752535
1752534
2015567
2036643
2024640
2021316
1882176
1870270
2012161
1917434
1860802
2046440
2003033
2065953
2013980
2002687
1755598
1645810
1991825
1992919
1991177
1709309
1670870
27457569
2071766
2058083
2055565
2048771
2042450
2042444
2042443
2029080
2024554
1989434
1987755
1956494
1950365
1949608
1947912
1945826
1912153
1902615
1887305
1844229
1826402
1823968
1820502
1799484
1799482
1793672
1787383
1785666
1766854
1759750
1743769
1725627
1683718
1665247
1662870
1364919
2265251
9022852
2273125
2272178
2260876
2244596
2076171
2261957
2261952
2261948
2227815
2220757
2220756
2074971
2399908
2399902
2397474
2273667
2219218
2146144
2126385
2082957
1699980
2233611
2389741
2262240
2223631
2383649
2148846
2375646
2226893
2202092
2401806
2276680
2230668
2214193
2201115
2197729
2131717
2116315
2115694
2372504
2113153
2329636
2369942
2327402
2236766
2328314
2337683
2321122
2316505
1973205
2336046
2342025
2336917
2315791
2144446
2110464
2107731
2362157
2107637
2405779
2355534
2318985
2297687
2103237
2308267
2401164
2396135
2324555
2323676
2314622
2313900
2311600
2310690
2307218
2290709
2272538
2266805
2264563
2242790
2201820
2201819
2200500
2182737
2180005
2178645
2143744
2132535
2117327
2112239
2098268
2083550
2079860
1970693
1967891
1708632
1703118
2816924
2597774
2595427
2556759
2599496
2804368
2511387
2693129
2691118
2612862
2612861
2612617
2605123
2515093
2483974
2480027
2478395
2686247
2487946
2819366
2802657
2790202
2757009
2673832
2617995
2583264
2551927
2799342
2788028
2669997
2588952
2796252
2811233
2775657
2752137
2752135
2741931
2601045
2473803
16312865
2799324
2775597
2767243
2758394
2741974
2678344
2636748
2618545
2607651
2529200
2505875
2550165
2794661
2787014
2786671
2780431
2749231
2735317
2671758
2491565
2740673
2760157
2739150
2732673
2712063
2595044
2525706
2924261
2468065
2622805
2929585
2721664
2721657
2708027
2667169
2656291
2529429
2537136
2650777
2649005
2927059
2912361
2741645
2738492
2707559
2616356
2917581
2917205
2917203
2915782
2914806
2914600
2909130
2805820
2791191
2786560
2777137
2763782
2716348
2716205
2716195
2706904
2644994
2643412
2643392
2634665
2628515
2619501
2615527
2587208
2505472
2504558
2498182
2496560
2496554
2495880
2494836
2486292
2474228
3217777
3196045
3179950
3070044
3065324
2904292
2903408
3149432
3246192
3207625
3190384
3052624
2850216
3141435
2902410
3247509
3218190
3215461
3207462
3197824
3069784
3064544
3180480
3225604
3215466
3201032
3177367
3052045
2899816
3410010
3408680
3401588
3240226
3383167
3408677
3386383
3292848
3267102
3239032
3184474
3184472
2898595
2970451
2897540
3291330
3169517
3164326
3163258
3371213
3362187
3405151
3357232
3362085
3398736
3369437
3166570
2836482
3398460
3394257
3377983
3355898
3258473
3367618
3356242
3355902
3163063
3162195
3405891
3346863
3417328
3416575
3412864
3406557
3396974
3389217
3374710
3365759
3352840
3337547
3335645
3334954
3288036
3277085
3276145
3260709
3257474
3254121
3222445
3216790
3180209
3176823
3150698
3140482
3126625
3124455
2977899
2849288
2828815
2467859
2465250
2465245
2464264
2460677
3324409
3431872
3683493
3437853
3502313
3426959
3689694
3686658
3501618
3479003
3428540
3686523
3672032
3479860
3432721
3116841
2959881
2887907
3678473
3477851
3477850
3446427
3327560
2444837
3619459
3497579
3497664
3475043
3311340
2469510
3303263
3108293
3622847
3613138
3606828
3605067
3605065
3332094
3603998
3653365
3598244
3114098
2955539
3828970
3566304
3562377
3562368
3112816
3821649
3102512
3806914
3824016
3595812
3567071
3474154
3472304
2956344
2953378
2950464
3813761
3812539
3573341
3466664
3296214
3030390
3829130
3820160
3814512
3677127
3629498
3621857
3615194
3582711
3561020
3476236
3467372
3447377
3434154
3428195
3122527
3122493
3116807
3115028
3111093
2448202
3573318
3559340
3535924
3541173
3820629
3768535
3552351
3540749
3465986
3820609
3779358
3752065
3463368
3774272
3769364
3766144
3761185
3747843
3537512
3532433
3531075
3022046
2426823
3724821
3749928
3749927
3749926
3749925
3744014
3742482
3734921
3718142
3717147
3529405
3023209
3732784
3708552
3706291
2942441
2942440
3715283
28150602
3713467
3702667
3522649
3458432
3085704
3963896
3704667
3704666
3704665
3704664
3704663
3521124
3485993
3962210
3959801
3958512
3735683
3721167
3707772
3704553
3514695
3485053
3457024
3080872
3704411
3943010
3455865
3956980
3956978
3949487
3947125
3510684
3456200
3455679
3961559
3956970
3952463
3947516
3946776
3944320
3813282
3757455
3719896
3525077
3525073
3471009
3098025
3088891
3084360
3006224
2947342
2424576
4088526
4084456
4084455
3866723
3865532
4093040
4090100
4089533
4052983
3935961
3001442
4078060
4045892
4029896
4026081
3937788
3851510
2931141
4048868
4028831
4025222
2410068
4015270
3898534
3898466
2411768
4013356
4005182
3859250
4057582
4019124
3932153
4009983
3984947
3977194
3921571
3888908
3857971
3856038
3968768
4012016
4010043
3999682
3987264
3978659
3976644
3924784
3890052
3860675
3859248
2994446
3965109
3856312
3856491
4080297
4058620
4031960
3977220
3938195
3937824
3934902
3933244
3929540
3925688
3914173
3871703
3868329
3863257
3160208
2949515
2931850
2419226
2414187
6531755
6531753
6526806
6442514
6391582
6335813
6240280
6151150
6239221
6541969
6530133
6523775
6441754
6396946
6395125
6522107
6483699
6475848
6468301
6594964
6467181
6465708
6737671
6479557
6593892
6515781
6743569
6722763
6599454
6594825
6593387
6531561
6518868
6495669
6477805
6463583
6437925
6375757
6239095
6740568
6724307
6474145
6441963
6432390
6380854
6374054
6709036
6727282
6728168
6720682
6713360
6610201
6586202
6374053
6326310
6365308
6704942
6588639
6585241
6462779
6429935
6719581
6700480
6729995
6697006
6375862
6230121
6748346
6732671
6691924
6735343
6717720
6709495
6704323
6693073
6691362
6597727
6590039
6590038
6584168
6580942
6534829
6529106
6522605
6496458
6496176
6474371
6438983
6437115
6433633
6433628
6382293
6374831
6204111
6197855
6085606
6083942
6678498
6650494
6416996
6320382
6685916
6658116
6654023
6639891
6626742
6581114
6580171
6579837
6421666
6318227
6316526
6617509
6684892
6654006
6622979
6622975
6581111
6578591
6577912
6412894
6194555
6882685
6879108
6879107
6877702
6642998
6615111
6615056
6603877
6578999
6226555
6886363
6645077
6628940
6352109
6192699
6854896
6860793
6582574
6579812
6579811
6574788
6418454
6350015
6873859
6308798
6634546
6347081
6603016
6406879
6831048
6613499
6140721
6140716
6837514
6832586
6831038
6577831
6339690
6191671
6856565
6827175
6824588
6634233
6573867
6856919
6845853
6823031
6845778
6836230
6826773
6655878
6340888
6296725
6856902
6402751
6848130
6836773
6836270
6834720
6832184
6672989
6667017
6666266
6635959
6624546
6622251
6603955
6582519
6580991
6573016
6414209
6404096
6344424
6340361
6339165
6228177
6200407
6192051
6190339
7173059
7174843
7142788
7138787
7156890
7145246
7144531
7138167
7137732
6961516
6753778
6960553
6891999
7104962
7133977
7178055
7093923
7052114
6960545
6959382
6215739
7134888
7133605
7112180
7104495
6215641
6805840
7135294
7123156
7104224
7046930
6981837
6979927
6953606
7114054
6953605
6809467
7085305
7074217
7069267
7068849
6951602
6122835
7101243
7064091
7059679
6952953
6750735
6285243
7066196
7065798
7045861
6175335
7093826
7081142
7067074
7059251
7055650
7070006
7089926
7200324
7174367
7144245
7135249
7135236
7094848
7079225
7071520
7059686
7053690
6984325
6976793
6958074
6952964
6950947
6764442
6751036
6288306
6185158
6183495
6134385
6275536
7306707
7306705
6801866
6278486
7311391
7340131
7339013
7296002
6955939
6945880
6797279
7313624
7340729
7282748
7272505
7027445
6949629
6796474
6270827
6170564
7266620
7303266
6793115
6790075
7280628
7242637
7336163
7336161
7258888
6941822
6799670
6788291
6789961
7331706
7279899
7260404
7259989
7256045
7020745
7020738
7018337
6948971
6941946
6457228
6788161
7238323
6947126
7244767
7236526
7236525
7235821
7229726
6910473
6791242
6272427
7301673
7032050
6112938
7243716
7233025
7233024
7233023
7233022
6783873
6791999
6267838
7293617
7245259
7221649
7213567
6941351
7005681
7232192
7256210
6453337
6780011
7472182
7464013
7450504
7447223
7344226
7329804
7312612
7291879
7273475
7270548
7245721
7238381
7228027
7221403
7203175
7200640
7196151
7187745
6954340
6948388
6945882
6943932
6940439
6936719
6934710
6794303
6780149
6177180
6174130
6171901
6169934
7214852
7440720
7186946
6800179
6790367
7427866
7446477
6934014
6259796
6113675
6113668
7207331
6160454
7193545
7455587
7424824
7415940
7209398
6932405
7420634
7466310
7432153
7426449
6932175
6905208
7413620
7397379
7395941
6930322
7402905
7471675
7403040
6995729
6255855
7260744
7438516
7401273
7387474
6930496
6778785
6248977
7396390
6997548
6774132
7445108
7402170
7445588
7408324
7378317
7357988
6930212
7378307
7017640
6988961
6966519
7362997
7378297
6929701
6768481
7355117
6101461
7357257
7456327
7434238
7423337
7395859
7374330
7362209
7255155
7211835
6962070
6938204
6937220
6935867
6933709
6931816
6898495
6776769
6249187
6157962
542939
260109
523003
519033
116695
42311
500813
384249
502823
492063
540386
508626
384008
497948
481044
515829
472818
455284
289427
222813
159047
157807
39698
506317
573066
531268
475960
475469
292127
256652
86885
461396
444659
444654
444652
443976
392273
385197
158454
112410
449035
444680
440042
293076
286632
286610
286415
482947
456711
424352
392372
286175
87252
431928
285525
437786
312494
453785
367469
219428
155249
759923
432548
425972
425968
285455
282920
379581
440961
554080
759056
575636
555214
544361
538338
524321
494144
456393
439810
400423
392596
390480
384758
371361
296115
294594
290975
162387
121938
119415
119408
95543
94552
94209
93844
741725
737690
719172
754174
112580
103310
103305
703794
750543
750542
749925
739364
719605
698393
103156
364179
694486
725530
214860
214857
717999
716783
667362
277084
100381
581247
667366
276412
276285
215033
149970
353963
247469
307109
746241
686862
657843
647111
647259
648997
640388
276790
100940
580987
649156
639957
353725
659576
642903
275793
108103
702809
416709
345453
95898
203743
619270
635110
630532
272208
579384
74592
752150
714896
696149
628668
628661
625753
625632
621359
563829
369203
287865
272477
206191
24319
600773
341410
73061
599002
271998
578867
599059
594063
335893
271351
74374
922410
270652
928191
928352
919365
905766
890980
331680
268998
889716
271757
69781
408556
268450
406786
270474
268266
268210
268023
195348
69034
891564
409538
887420
266986
877053
864289
850524
850518
853205
853125
600781
267283
67380
859791
856840
559834
300255
843122
837370
836949
556856
334417
323863
929398
860217
856140
834743
831880
615704
613068
607145
603586
602935
602927
601666
600212
580252
407763
401575
341245
266761
265077
75134
138272
1005192
1087534
1069602
1011412
1011411
1005174
998514
1070575
1019658
1015515
1013248
991102
990184
989791
974265
967205
967201
974645
1068532
1068481
1068296
1030526
996426
1086469
1008077
1003824
968449
968448
966631
790581
951047
1084155
1070714
1025563
979542
959772
959770
959233
952007
951942
941027
1018992
1065624
955869
940629
6971
1268605
1270887
1262947
1025896
985898
952706
952457
986731
60834
933939
1270944
1260128
932749
1259266
950881
788107
1253126
1244921
1062009
175921
943028
1264836
1251224
1251223
1251221
1251220
1070052
1004152
1001026
942869
935364
828780
821292
816147
801532
793383
790050
790049
766188
189368
185006
181860
64414
3103
1107781
1060913
27518937
1074344
1060394
1060175
767113
53128
54257
1225385
1205809
1198693
1192363
1190938
1060392
1059479
781606
1189066
1059271
1061995
1209236
1198128
1198126
1197180
1105793
1105792
1105790
1104261
1098766
1065256
1059506
1058648
128120
1178486
1175298
1234690
1199726
1104228
51088
1185193
1179164
1151151
1058525
50392
1177705
1203847
1184664
1155555
1085466
1063385
1057367
1195656
1161478
1102197
1152745
1215836
1201208
1165128
1102196
1102195
1102194
1102193
1102192
1102191
1102190
1102188
1095801
1095303
807769
1173167
1145124
1138236
1057239
1056623
1134407
124393
1130426
1118148
1191569
1191565
1129657
1056622
1054537
1054519
235231
1146563
1117598
1112452
1103946
1056618
1056276
126436
46759
1124052
1054155
1112673
1059470
1054610
163329
167445
1110945
1128357
1056001
1233684
1230410
1230402
1230401
1229414
1215466
1124640
1124554
1119119
1118735
1114449
1094184
1090124
1063569
1054491
181298
169659
169409
54299
4477399
4452313
4532812
4611297
4610099
4534329
4480652
4474906
4453572
4452746
4444436
4215988
4439383
4439110
4425895
4610708
4437453
4437173
4282500
4153897
4412343
4479160
4435630
4531056
4530611
4475572
4443631
4415114
4424610
4528865
4528393
4528003
4212468
4154306
4530151
4852216
4607220
4408831
4407852
4416373
4406918
4528473
4833938
4533399
4443206
4410159
4213487
4420496
4827655
4857967
4848698
4841763
4606939
4846826
4406440
4373832
4133429
4598060
4596317
4595257
4524325
4276091
4132009
4859178
4859107
4521322
4450516
4136288
4836371
4824988
4817577
4544259
4361175
4521299
4816162
4619105
4606950
4604916
4601550
4533489
4533361
4533155
4531772
4531381
4524857
4469717
4467025
4461433
4461432
4439294
4422720
4405943
4214049
4141331
4139078
4139053
4128074
4128073
4365486
4800866
4784517
4593728
4756553
4748429
4591693
4518624
4518465
4729127
4801742
4517838
4492502
4355172
4742453
4519856
4792532
4750181
4727628
4520848
4128415
4124952
4198476
4782558
4736997
4736876
4718814
4490216
4721529
4270547
4513301
4766667
4711708
4705424
4517166
4514502
4734087
4513517
4717324
4710493
4706484
4527023
4270587
4513360
4765482
4717306
4572258
4352854
4730686
4691564
4780471
4734062
4717178
4713630
4693567
4692445
4581577
4570933
4527886
4527026
4570942
4691200
4720150
4688468
4687817
4517634
4511790
4510632
4683563
4684743
4510937
4790261
4790256
4790255
4790254
4790069
4790036
4784150
4731091
4702567
4696269
4694961
4694536
4682592
4549275
4539498
4515747
4514215
4277844
4203302
4200801
4197290
4146768
4138551
4127128
4123073
5086062
4663508
4564534
4518869
4509103
4645472
5086693
4666020
4564824
4511569
4509685
4674861
4674853
4668399
4562344
4342799
4116417
4562533
5074754
5056968
5055260
4509159
4628709
4262513
4115473
5040709
4504007
5080573
4509821
4341616
4264208
4115562
5038802
4573539
5035395
5040981
5045215
4558577
4260888
5034218
5039666
5027766
4630884
4626131
4557053
4502496
4112680
4112171
4503392
5011800
5019303
4144097
5031935
5014173
5033718
5026211
5013826
4680846
4501088
5022304
4503295
5009712
4651302
4502715
4501061
5073563
5061809
5057661
5041355
5037637
5026848
5025350
5008540
4655090
4652145
4644123
4631695
4627432
4625167
4566561
4555351
4525477
4516274
4508954
4508341
4507076
4507075
4504755
4501056
4347084
4344560
4339510
4257630
4124022
4123099
4116315
4110495
5135060
5156526
5140915
5316694
5289350
5286449
5151623
4945378
5140634
5145658
5152829
5128396
5144079
5144169
5119035
5110479
4941523
4332810
5286070
5568588
5153676
5129135
5123579
5095839
4940717
4255014
4935857
5568439
4934280
4933475
4257438
5284903
4939990
5580830
5104463
5088209
4932960
4253583
5581512
5560870
5554210
4931504
5099552
5285596
5560742
5279464
5577093
5156961
5119052
5101813
5545308
5560987
5549194
5099250
4992703
5578038
5574605
5563023
5552571
5539681
5282697
5161848
5153645
5153639
5153638
5153058
5151181
5146259
5140341
5137036
5134969
5134837
5133498
5121009
5113917
5093539
5004015
5003588
4996571
4993106
4945281
4936866
4401671
4257279
4256716
4256004
4111655
4111441
4107704
4107575
4102472
5488583
5526857
4924816
4100582
5274155
5494927
5536347
5513805
5490663
5475982
5276096
5506008
5475616
5312229
5273077
4921953
4194972
5457889
5427458
5427457
4935743
4917651
5463399
5421745
5273772
4939613
4316927
5477979
5453465
5431275
5431049
5267678
5522182
5538114
4924683
4911632
5453999
4909449
4914293
5453829
5444138
5443370
5505733
4915274
5266531
5265825
5265192
4915109
5416508
5308824
5266627
4400459
5533879
5523180
5522358
5511164
5509238
5418682
5412672
5272231
5267217
5265754
5264384
4995787
4991911
4991329
4983757
4403337
4327672
4319186
4247449
4195487
4101127
4099996
5395220
5373426
4188051
5369600
5212518
4904660
5393901
5390438
5374341
5365343
5289856
4903945
5354514
5271561
5354126
4243360
5361206
5360286
5358684
5354718
4980682
4982355
4185550
5806447
5806443
5313928
5257763
5821609
5821286
5378480
5270557
5257058
4979656
5387542
5805881
5396823
5278515
5264831
4892033
4243602
5806628
5795764
5770207
5768531
5810404
5793700
5779260
5262178
5256140
5771314
5792045
5775129
5771533
5373585
5372921
5253399
5767732
5783371
5779318
5774401
5766141
5778709
5774851
5773089
5766186
5402343
5400499
5254157
5251494
4888852
4977312
4886121
5812662
5781368
5778992
5812582
5764023
5388880
5351087
5249563
4900543
5809282
5807572
5795215
5784666
5767509
5762165
5403655
5380804
5380803
5379130
5351155
5266009
5257215
5249492
5249491
4993247
4900570
4889911
4883549
4304844
4190430
4189864
4187960
4184596
4184469
5719445
5748176
5736921
5725739
5260989
5712106
5737487
5728677
5686959
5246011
4884699
5720078
5248051
5742420
5741354
5683539
5683536
5248360
5702735
5745682
5739683
5715265
5676821
5675983
5675982
5675981
5675980
5672958
4885374
5741740
5701586
5260223
4977086
4175078
5302322
5729034
5726592
5670422
4300455
4300454
4300452
5240470
4891144
5739205
5669418
5666645
5654970
5654780
5249175
5248818
5240759
4988909
4297540
4172301
5679893
5748496
5745823
5648655
5239464
5239305
4968372
5701370
5653950
5759321
5740514
5736526
5736523
5658003
5656158
5647237
5643289
5643288
4171463
5672073
5243326
5240749
5240732
4297617
4870445
5742991
5685640
5640195
5247178
5183839
5686183
5638783
5746978
5732608
5237758
5670489
4297103
5750907
5742684
5739078
5739077
5733268
5728889
5723955
5720417
5706392
5705362
5704123
5679632
5673824
5651395
5261001
5261000
5248203
5245346
5241850
5236229
4978698
4974192
4972003
4864071
4300534
4176080
4175054
4174208
4172252
4170468
4168641
6061613
6082224
6081304
6058404
4296501
5596402
4863070
6075444
6053100
5623876
5234436
4230382
4171226
5592194
5614132
4969246
4383363
6065844
6061264
6054665
5616170
5612282
5234302
4874613
4226955
6052507
6034947
5624350
5231843
4230115
6072853
5632064
5623667
5232987
5231361
5230459
4166648
6029382
6028691
5614985
5243589
4868725
4228678
4228345
6024523
6076360
6029005
6028131
5230104
5228673
5338383
6021313
5298493
6024541
5611819
5234877
6047135
5585421
5336861
6072373
6063278
6040194
5620348
5297858
4228240
5244631
6049974
6048360
6032244
6038210
5606598
5227692
6063331
6062692
6049788
6043246
6030178
6029664
6026298
5629089
5621784
5614842
5614696
5597269
5594424
5587909
5583676
5339085
5317505
5299381
5243758
5243720
4964892
4885546
4878533
4867092
4300500
4184712
4173896
5959474
5959473
5991204
5978924
5954250
5954249
5954248
5926107
5339188
5224278
5223911
5995673
5925233
5924424
5922202
5332299
5224116
6001256
5998131
5998071
5918465
5915049
5223180
5223152
4291222
4226358
5996195
5987529
5947508
5921160
5222584
5222583
5939091
5967585
5947579
5946520
5942778
5940210
5992203
5945761
5177701
5963614
5936177
5220062
5218078
4293633
5987717
5934333
5933568
5932878
5906643
5224750
5938521
5217755
5904287
5950256
5933405
5908561
5218214
5990088
5948180
5937762
5913243
5901987
5235286
4285277
5900941
5994646
5984931
5974089
5963796
5958600
5941676
5929472
5913405
5904976
5904058
5331496
5228101
5219927
4877574
4382495
4161890
5854616
5844335
5854689
5845783
5217698
5216910
5216393
4289488
5836293
5836288
4157810
5857878
5873550
5831500
5216775
5884911
14346369
14344352
14332064
14332054
5888752
5882005
5881999
5854382
5830028
5323786
5222530
14321497
5217402
4953807
4284749
5840761
5213355
14339771
14338953
5892718
5864110
5856124
5841989
4953958
14311926
14294049
14337320
14291267
5867617
5845343
5234604
14283778
14284864
14282503
14333356
14311945
14311941
14297496
14284363
14282066
14282054
14276135
5212944
4220813
14293906
14296830
14268549
14333331
14260639
14259369
14278785
14291707
14312666
14285970
14245301
14245298
14346513
14345484
14280717
14269132
4161673
14346632
14265024
14265017
14339546
14338271
14321897
14302477
14297061
14293219
14291828
14276561
14265535
14265526
14252423
14247475
14242046
14225052
5899457
5848465
5840366
5214786
4157882
14253721
14282636
14247995
14337314
14260300
14211013
14259915
14259913
14246090
14245062
14241497
14239953
14235901
14235900
14235899
14235898
14211587
14202828
14235892
14233529
5877079
14335705
14326355
14231549
14231543
14229930
14223937
14210750
14240227
14237506
14306855
14233145
14222700
14220782
14218458
14212605
14231340
14223454
14266331
14246744
14234124
14223884
14223328
14209659
14206952
14206635
14170623
14307139
14180938
14309552
14234633
14202142
14200254
14194838
14192598
14180804
14178509
14241924
14192818
14248602
14196449
14194189
14179484
14175842
5880649
14196806
14250505
14191279
14173784
14173609
14168682
14161413
14161408
14154812
14170522
14133446
14231635
14159079
14145977
14220895
14218125
14186226
14158226
14153806
14146482
14199975
14138516
14271209
14199844
14190974
14141623
14140869
14139708
14125972
14137842
14184169
14191586
14130801
14209883
14189986
14165264
14161378
14157263
14144220
14133555
14130034
14128221
14126695
14152695
14120538
14120519
14140382
14137009
14140210
14178070
14164291
14162538
14160797
14139821
14126880
14124698
14123656
14122496
14129878
14122514
14136182
14323270
14294229
14263704
14234664
14225402
14224892
14218369
14208832
14204661
14203688
14197491
14191329
14183224
14177021
14170667
14168287
14159689
14153006
14150100
14144815
14135945
14128238
14126939
14124482
14124054
14115589
14110040
14106101
5888810
5888809
5337120
14113579
14121443
14101659
14162999
14060567
14125646
14101035
14100327
14089271
14056848
14111022
14096673
14162208
14157932
14138556
14109351
14097642
14081281
5862538
14094645
14065358
14145170
14138554
14095661
14093642
14093637
14092679
14068781
14066238
14051020
14090998
14050329
14156252
14138965
14092801
14061969
14059691
14056871
13941913
14043709
14164997
14091615
14086895
14086888
14048254
14045298
14122939
14067791
14079832
14031983
14016987
13980588
14000759
14068997
14015690
14031781
14078832
14062072
14052505
14020192
13929097
13937708
14154505
14028353
14017214
14012539
13966019
13982141
14034710
14120541
16811000
13999548
13975361
13952496
13945746
13944559
13983867
13969197
13944612
13941697
14043480
14027622
13961742
13993934
14031703
14165114
14165091
14123155
14122187
14121549
14119648
14106456
14059797
14054590
14049238
14044506
14044505
14032975
14028601
14024502
14013297
13972294
13968555
5900132
14010449
13935491
14020631
14010293
13999546
13993453
13992952
13971867
13949133
13941397
14026455
14020816
13944004
14034128
13930728
14496786
14026618
13938401
13936427
14023976
13981870
13968296
13999545
13968556
13934120
13929825
13913237
13935702
14004374
13905070
14016977
14457051
14038381
13973706
13967763
14471812
14467574
13909679
14483786
13912134
13907190
13873338
13889104
13874811
13885325
13876196
13874894
13870222
13918941
13911730
13867789
13859830
13874809
14449950
13923736
13912387
13911560
13894122
13909422
14475387
14472319
14464783
14459168
14012824
13996847
13972295
13930905
13919650
13901478
13898744
13861374
13894170
14005705
13903841
13884535
13874810
14497267
14491986
14462128
14021870
13916471
14486976
14458971
14456222
13920609
13916472
13898927
13897126
13875560
13916470
13886497
13693069
13733910
14471575
13872236
13863331
13709558
13753945
13719389
13692913
13688900
13681082
14447713
13703931
13689337
13754006
13707270
13780829
13778512
13753820
13753819
13739566
13727558
13710978
13698383
13728011
13686207
13745959
13741405
13739328
13726008
13724658
13721431
13703735
13775089
13698441
13701898
14468342
13732878
13681615
13681081
13692188
13721306
13783286
13765683
13762247
13755966
13755965
13739236
13704372
13756210
13726137
13702062
14489993
14467241
13894731
13864862
13760937
13755844
13753821
13751481
13700118
13699290
13690540
13692657
13784309
13741406
13766996
13696532
13789322
13759735
13741608
13694184
13681977
13789579
13731878
13742279
13723163
13741407
13687660
13701897
13767661
13700043
13788983
13845368
14427417
13793212
13694944
13804485
13821094
14431982
14444867
14434649
14420168
14417756
14417755
14413964
13845369
13826653
13762489
13719946
13842014
13805266
14415154
13836881
13826652
13798090
13795098
13791802
13826819
14446599
13801883
14435945
14431708
13813442
13803431
14428076
14411036
13813610
14430388
13850819
13848233
13843461
13840868
13836725
13803380
13792957
13779782
13774697
13753163
13737180
13729057
13719534
13716341
13709879
14423788
13797870
13815001
13839417
14417290
13845070
13839856
13798652
14431709
14446605
14435748
13849953
13840052
13826651
13813893
14417042
13803384
14412795
13791549
14405972
13838927
13671403
13674514
14427558
13855683
13836472
13661134
14401270
13674995
13661780
13649002
13675684
13655654
13666205
13658105
13658098
13650435
13650434
13644471
13649482
24545247
13658091
13658085
13655515
13655514
13649217
13638334
13637076
13633863
13642724
13642610
13640076
13634758
13610645
13626690
14400719
13843646
13804098
13802247
13667710
13659445
13647992
13622456
13610760
13645824
13645823
13598622
13640308
13618379
13601409
13608291
13608288
13624076
13614772
13584478
13599968
13599441
13592455
13589153
13591265
13616105
13614012
13589503
13573022
13570686
13566473
13580314
13599290
13593202
13578511
13560574
13559271
13560563
13559265
13547392
13545732
13552965
13552955
13552871
13581465
13567612
13539738
13534214
13541672
13550661
13533926
13514189
13508808
13504516
13511277
13510296
13529102
13516754
13621789
13603394
13602650
13602643
13600942
13596068
13568829
13557603
13556297
13553980
13548670
13529464
13529463
13519607
13509762
13508340
13506009
13505657
13479712
13507378
13531290
13497921
13530619
13520460
13471667
13493220
13482900
13485992
13485991
13582581
13480645
13475438
13504739
13496317
13527892
13485206
13518866
13463462
13459128
13483980
13484551
13473975
13458136
13450775
13446588
13452345
13436517
13482677
13461306
13451759
13463825
13452884
13424132
13453893
13466882
13465886
13402756
13420027
13388046
13420015
13419589
13421730
13422671
13527291
13510109
13505325
13498471
13484573
13477905
13477898
13477895
13477893
13477892
13477891
13477890
13477694
13474500
13467847
13451405
13443128
13436176
13432603
13410838
13395216
13393828
13385582
13401258
13400939
20788616
13374335
13409158
13385760
13372568
13377660
13406966
13394088
13377076
13381403
13377631
13362166
13384739
13354026
13369850
13404021
13378398
13333406
13328941
13391239
13361203
13333542
13333072
13364078
13312693
13336163
13322104
13330421
13399615
13335831
13304783
13288273
13297489
13474464
13442310
13432464
13424105
13420489
13409276
13401321
13397926
13391734
13391722
13391338
13390831
13390787
13384497
13359507
13351517
13350248
13339336
13337946
13321150
13298661
13315046
13290479
13287000
13334326
13309602
13281154
13297836
13390111
13259115
13257953
13274023
13274016
13277568
13248772
13251451
13273035
14390715
14390010
13264453
13264450
13250542
13245824
13243072
13265591
14392899
14396030
14395153
14378286
13273834
14363809
14396265
13287205
13251792
14394852
14353991
14358770
14394700
14361324
13241058
14382309
13227742
13231002
14359540
14357564
14355097
13352168
13337077
13329577
13306001
13305369
13298906
13262199
13256519
13246583
13245276
13239847
13234939
13211273
13225825
14370113
14356701
13213843
13286349
13237283
13215195
13213551
13213482
13220683
13217656
13215521
13197388
13194101
13208546
13202414
13198778
13192196
13191273
13194409
13203231
13200676
13194888
13174889
13209341
13199481
13198586
13189626
13185379
13180333
13150002
13161428
15444645
13184257
13175241
13155263
13176984
13169101
13154679
13154669
13153388
13126189
13126186
13143982
13121107
14359027
14357072
14357065
13259893
13206680
13198573
13195564
13195555
13195550
13181065
13179668
13151477
13138178
13134463
13132386
13155963
13149670
13131667
13104857
13111454
13107388
13156160
13150044
13136866
13128019
13115298
13100172
13121833
13116138
24542786
13104937
13093766
13100306
13110898
13109398
13086142
13112674
13119728
13097881
13090075
13085061
13090956
13094170
13083154
13147851
13088062
13088058
13102115
13050935
13082403
13042161
13155848
13061942
13053053
13050919
13066998
13066841
13036139
13074576
13042135
13075481
13032924
13032198
13119292
13071854
13070428
13060493
13019601
13056461
13011947
13188182
13135954
13125077
13102070
13094158
13081192
13079641
13054186
13051204
13011208
14922589
13031913
12986237
13014157
13012657
13020852
13027036
13024936
13021775
13008972
13001137
12987251
12977828
12976036
13048337
14953950
14952061
13023156
13018036
14934762
13005260
14948107
13004692
14948077
14937237
12983422
12983421
14951346
14958949
14956092
14946546
14925385
14954459
14945853
14938794
14920403
14915990
14902168
14932790
14952872
14911516
14905440
14903545
14899713
12990953
12982131
14918721
14893995
14935816
14935805
14949168
14945724
14942248
14939640
14922339
14917316
14906911
14902791
13093357
13060150
13027448
13019789
13019557
13017896
13010623
13007414
13004923
12991336
12989710
12984363
12980437
12975980
14942521
14912148
14913233
14902840
14898708
14930843
14887103
14887026
14916240
14900250
14891671
14883866
14896749
14885633
14881382
14879893
14877979
14886698
14893511
14877772
14869628
14851716
14850278
14883682
14874155
14855902
14849404
14895553
14853203
16810925
14847418
14846507
14846497
14837710
14832932
14844138
14827767
14894796
14867781
14838740
14825691
14815562
14800206
14801540
14921297
14913004
14912473
14888031
14876303
14868377
14855203
14845196
14837698
14785757
14783239
14782684
14793083
14817725
14783308
14786257
14805788
14793852
14771755
14788363
15432395
14786392
14777270
14807510
14777048
14773502
15443123
15416687
15440176
15415911
14800708
15420603
15421269
15405984
15434980
15404240
15442018
15399380
14799164
14782868
14782860
15402917
15407496
18140553
15392164
18143498
18140763
18143662
16695732
18150377
18133894
18120769
18119261
18125742
18109874
18115340
18112593
18113124
18106225
18892827
18122361
18208060
18892336
18102217
18099130
18105164
18101149
18877336
18877973
18935176
18887260
18881511
18886122
18934585
18909522
18938438
18875401
18868251
18101158
18859172
18933893
18920208
18911471
18861566
20271016
20344806
20271452
20268738
18938882
20998219
20992710
20983748
21024120
21025560
21007374
17858704
21009536
21005209
18170051
17858080
20784211
16694695
18744671
20915206
19990809
20320256
20319778
20914515
19990118
16694198
20913521
19989124
20318915
16694009
20912537
20912536
20912533
19988140
19988139
19988136
16693958
16693932
20911759
19987362
16693819
16693748
16693693
16692721
21408845
20907454
19983057
20769691
